# A fractal terrain data generated by fractopo on Mon Nov 12 22:49:26 2018
# For more information please connect zhangyi.cugwuhan@gmail.com
# use -h option to see help information
# range=20/0.5/60/20/0.5/50
# lon lat elevation
20 20 0
20.5 20 2.87887
21 20 11.0739
21.5 20 17.3535
22 20 26.0179
22.5 20 26.3739
23 20 19.078
23.5 20 10.5997
24 20 4.20009
24.5 20 12.3488
25 20 14.4393
25.5 20 6.69644
26 20 2.80552
26.5 20 -6.01068
27 20 -21.99
27.5 20 -40.6846
28 20 -56.5519
28.5 20 -47.6603
29 20 -45.0604
29.5 20 -46.1122
30 20 -49.9776
30.5 20 -43.1768
31 20 -37.4163
31.5 20 -33.0879
32 20 -37.8894
32.5 20 -37.3836
33 20 -35.5833
33.5 20 -48.0564
34 20 -59.0692
34.5 20 -59.9146
35 20 -62.6513
35.5 20 -67.9918
36 20 -73.2589
36.5 20 -72.388
37 20 -78.0043
37.5 20 -85.746
38 20 -103.801
38.5 20 -106.157
39 20 -120.763
39.5 20 -133.768
40 20 -149.178
40.5 20 -153.272
41 20 -162.013
41.5 20 -184.93
42 20 -203.526
42.5 20 -226.848
43 20 -249.899
43.5 20 -270.489
44 20 -297.264
44.5 20 -286.204
45 20 -278.325
45.5 20 -266.82
46 20 -254.426
46.5 20 -253.539
47 20 -257.864
47.5 20 -259.559
48 20 -264.357
48.5 20 -267.901
49 20 -276.581
49.5 20 -275.464
50 20 -285.081
50.5 20 -298.357
51 20 -319.354
51.5 20 -350.221
52 20 -392.048
52.5 20 -353.937
53 20 -328.214
53.5 20 -304.939
54 20 -295.862
54.5 20 -274.189
55 20 -253.983
55.5 20 -234.854
56 20 -223.115
56.5 20 -203.174
57 20 -190.284
57.5 20 -175.684
58 20 -165.257
58.5 20 -140.216
59 20 -126.77
59.5 20 -103.87
60 20 -90.9731
20 20.5 5.00318
20.5 20.5 2.96253
21 20.5 10.7267
21.5 20.5 17.3895
22 20.5 23.9119
22.5 20.5 23.7522
23 20.5 21.8738
23.5 20.5 16.5175
24 20.5 11.043
24.5 20.5 13.3494
25 20.5 9.40598
25.5 20.5 3.93468
26 20.5 -3.88633
26.5 20.5 -8.08289
27 20.5 -24.7145
27.5 20.5 -36.001
28 20.5 -41.4095
28.5 20.5 -43.0683
29 20.5 -41.7741
29.5 20.5 -42.6546
30 20.5 -40.2663
30.5 20.5 -39.2217
31 20.5 -33.3984
31.5 20.5 -35.4561
32 20.5 -38.338
32.5 20.5 -34.8981
33 20.5 -34.0779
33.5 20.5 -42.2417
34 20.5 -47.1082
34.5 20.5 -53.7877
35 20.5 -55.8445
35.5 20.5 -65.6719
36 20.5 -65.6939
36.5 20.5 -70.2578
37 20.5 -74.3491
37.5 20.5 -83.4201
38 20.5 -91.6141
38.5 20.5 -100.703
39 20.5 -110.503
39.5 20.5 -130.122
40 20.5 -138.249
40.5 20.5 -151.672
41 20.5 -163.353
41.5 20.5 -177.781
42 20.5 -196.787
42.5 20.5 -222.63
43 20.5 -244.122
43.5 20.5 -262.47
44 20.5 -273.896
44.5 20.5 -275.761
45 20.5 -263.139
45.5 20.5 -255.738
46 20.5 -251.377
46.5 20.5 -253.079
47 20.5 -260.039
47.5 20.5 -261.36
48 20.5 -265.26
48.5 20.5 -265.749
49 20.5 -266.383
49.5 20.5 -276.399
50 20.5 -280.777
50.5 20.5 -294.927
51 20.5 -316.947
51.5 20.5 -339.486
52 20.5 -350.597
52.5 20.5 -335.783
53 20.5 -312.778
53.5 20.5 -295.991
54 20.5 -278.91
54.5 20.5 -266.409
55 20.5 -246.277
55.5 20.5 -232.848
56 20.5 -211.305
56.5 20.5 -197.066
57 20.5 -188.198
57.5 20.5 -175.355
58 20.5 -156.921
58.5 20.5 -137.603
59 20.5 -117.27
59.5 20.5 -100.779
60 20.5 -84.4452
20 21 3.30577
20.5 21 5.94126
21 21 -0.317775
21.5 21 17.1385
22 21 22.4852
22.5 21 20.0591
23 21 23.6263
23.5 21 17.5869
24 21 14.9113
24.5 21 13.769
25 21 10.961
25.5 21 3.38883
26 21 -4.22795
26.5 21 -5.87529
27 21 -16.6743
27.5 21 -30.1437
28 21 -35.8883
28.5 21 -31.381
29 21 -30.9819
29.5 21 -28.1513
30 21 -28.8683
30.5 21 -27.9692
31 21 -26.7465
31.5 21 -32.8336
32 21 -39.5219
32.5 21 -33.8088
33 21 -30.2413
33.5 21 -37.8912
34 21 -36.3693
34.5 21 -46.7159
35 21 -56.9612
35.5 21 -58.0295
36 21 -58.8274
36.5 21 -63.6119
37 21 -61.3159
37.5 21 -72.9914
38 21 -85.583
38.5 21 -94.6502
39 21 -100.804
39.5 21 -117.988
40 21 -133.611
40.5 21 -141.344
41 21 -153.571
41.5 21 -176.966
42 21 -196.556
42.5 21 -209.36
43 21 -233.426
43.5 21 -246.906
44 21 -257.67
44.5 21 -255.832
45 21 -255.531
45.5 21 -251.252
46 21 -249.072
46.5 21 -252.036
47 21 -257.896
47.5 21 -260.145
48 21 -257.31
48.5 21 -263.054
49 21 -258.155
49.5 21 -265.223
50 21 -272.26
50.5 21 -287.883
51 21 -306.243
51.5 21 -316.873
52 21 -325.561
52.5 21 -320.718
53 21 -304.019
53.5 21 -286.258
54 21 -267.362
54.5 21 -257.297
55 21 -242.558
55.5 21 -218.433
56 21 -198.381
56.5 21 -193.036
57 21 -184.85
57.5 21 -164.736
58 21 -153.04
58.5 21 -134.187
59 21 -111.019
59.5 21 -99.3225
60 21 -78.5515
20 21.5 -0.314417
20.5 21.5 3.98688
21 21.5 6.24886
21.5 21.5 13.5543
22 21.5 18.6328
22.5 21.5 22.3325
23 21.5 28.4088
23.5 21.5 28.205
24 21.5 29.5915
24.5 21.5 25.1622
25 21.5 21.7115
25.5 21.5 11.7829
26 21.5 3.96993
26.5 21.5 -2.31992
27 21.5 -13.6849
27.5 21.5 -25.7005
28 21.5 -28.8506
28.5 21.5 -24.6429
29 21.5 -25.2863
29.5 21.5 -26.0043
30 21.5 -26.4068
30.5 21.5 -26.1607
31 21.5 -22.618
31.5 21.5 -25.6627
32 21.5 -33.7147
32.5 21.5 -31.5758
33 21.5 -30.1456
33.5 21.5 -28.3988
34 21.5 -31.3135
34.5 21.5 -35.3592
35 21.5 -44.4651
35.5 21.5 -48.6067
36 21.5 -53.0889
36.5 21.5 -49.382
37 21.5 -51.6027
37.5 21.5 -60.2314
38 21.5 -66.2766
38.5 21.5 -75.2921
39 21.5 -89.3442
39.5 21.5 -105.175
40 21.5 -118.907
40.5 21.5 -132.316
41 21.5 -148.248
41.5 21.5 -166.277
42 21.5 -186.443
42.5 21.5 -200.409
43 21.5 -215.678
43.5 21.5 -229.349
44 21.5 -245.702
44.5 21.5 -247.942
45 21.5 -251.04
45.5 21.5 -245.943
46 21.5 -252.595
46.5 21.5 -254.389
47 21.5 -254.853
47.5 21.5 -251.13
48 21.5 -253.597
48.5 21.5 -255.781
49 21.5 -254.027
49.5 21.5 -265.519
50 21.5 -271.974
50.5 21.5 -279.462
51 21.5 -294.187
51.5 21.5 -306.334
52 21.5 -313.115
52.5 21.5 -304.423
53 21.5 -291.65
53.5 21.5 -275.677
54 21.5 -255.566
54.5 21.5 -237.083
55 21.5 -223.215
55.5 21.5 -208.793
56 21.5 -185.634
56.5 21.5 -176.375
57 21.5 -169.52
57.5 21.5 -160.401
58 21.5 -145.111
58.5 21.5 -132.243
59 21.5 -110.777
59.5 21.5 -96.2843
60 21.5 -80.779
20 22 -9.21765
20.5 22 3.3374
21 22 10.7149
21.5 22 19.6384
22 22 17.7123
22.5 22 24.3671
23 22 28.363
23.5 22 36.6102
24 22 37.7624
24.5 22 28.6951
25 22 22.7156
25.5 22 16.4969
26 22 9.70088
26.5 22 -0.538554
27 22 -11.9871
27.5 22 -17.542
28 22 -27.6072
28.5 22 -17.5716
29 22 -20.3811
29.5 22 -21.8128
30 22 -25.5862
30.5 22 -17.5256
31 22 -20.0803
31.5 22 -20.8672
32 22 -28.3053
32.5 22 -20.5547
33 22 -14.8839
33.5 22 -14.8664
34 22 -18.5156
34.5 22 -20.6958
35 22 -26.4861
35.5 22 -40.9662
36 22 -44.6902
36.5 22 -41.0183
37 22 -43.3524
37.5 22 -51.6367
38 22 -48.731
38.5 22 -69.6557
39 22 -81.5453
39.5 22 -96.368
40 22 -114.35
40.5 22 -125.748
41 22 -138.479
41.5 22 -161.372
42 22 -179.891
42.5 22 -195.475
43 22 -206.012
43.5 22 -218.227
44 22 -233.916
44.5 22 -243.119
45 22 -240.129
45.5 22 -248.921
46 22 -255.072
46.5 22 -249.819
47 22 -247.217
47.5 22 -240.284
48 22 -241.482
48.5 22 -250.874
49 22 -252.754
49.5 22 -259.972
50 22 -262.822
50.5 22 -272.807
51 22 -279.879
51.5 22 -293.404
52 22 -303.014
52.5 22 -292.788
53 22 -277.853
53.5 22 -259.879
54 22 -245.561
54.5 22 -229.203
55 22 -206.398
55.5 22 -190.636
56 22 -174.776
56.5 22 -163.646
57 22 -160.819
57.5 22 -155.684
58 22 -146.283
58.5 22 -124.902
59 22 -107.472
59.5 22 -86.8779
60 22 -72.114
20 22.5 -1.5303
20.5 22.5 10.5596
21 22.5 16.8636
21.5 22.5 21.7842
22 22.5 23.6232
22.5 22.5 29.5415
23 22.5 37.9415
23.5 22.5 42.413
24 22.5 45.9846
24.5 22.5 39.9206
25 22.5 31.8928
25.5 22.5 25.0222
26 22.5 13.2773
26.5 22.5 6.43388
27 22.5 -2.36589
27.5 22.5 -6.2894
28 22.5 -7.82551
28.5 22.5 -8.09374
29 22.5 -8.54814
29.5 22.5 -14.7655
30 22.5 -10.5761
30.5 22.5 -7.73963
31 22.5 -13.3272
31.5 22.5 -15.536
32 22.5 -13.2432
32.5 22.5 -10.4428
33 22.5 -12.7218
33.5 22.5 -7.5669
34 22.5 -11.5175
34.5 22.5 -18.0017
35 22.5 -24.9639
35.5 22.5 -28.2985
36 22.5 -32.337
36.5 22.5 -34.5446
37 22.5 -33.6309
37.5 22.5 -42.1312
38 22.5 -54.4287
38.5 22.5 -62.2513
39 22.5 -73.1814
39.5 22.5 -91.2575
40 22.5 -101.332
40.5 22.5 -120.095
41 22.5 -129.426
41.5 22.5 -144.946
42 22.5 -166.729
42.5 22.5 -187.52
43 22.5 -201.322
43.5 22.5 -214.494
44 22.5 -233.335
44.5 22.5 -239.463
45 22.5 -238.446
45.5 22.5 -239.328
46 22.5 -240.028
46.5 22.5 -244.387
47 22.5 -241.591
47.5 22.5 -237.443
48 22.5 -236.703
48.5 22.5 -244.206
49 22.5 -244.696
49.5 22.5 -250.282
50 22.5 -257.127
50.5 22.5 -264.175
51 22.5 -269.698
51.5 22.5 -270.901
52 22.5 -271.56
52.5 22.5 -271.659
53 22.5 -258.318
53.5 22.5 -243.44
54 22.5 -228.458
54.5 22.5 -217.466
55 22.5 -199.745
55.5 22.5 -187.742
56 22.5 -170.864
56.5 22.5 -158.371
57 22.5 -147.677
57.5 22.5 -143.985
58 22.5 -133.081
58.5 22.5 -113.96
59 22.5 -93.8575
59.5 22.5 -75.0553
60 22.5 -60.968
20 23 3.71239
20.5 23 16.9402
21 23 21.0365
21.5 23 29.4127
22 23 29.4477
22.5 23 40.8616
23 23 50.3779
23.5 23 50.8387
24 23 55.0422
24.5 23 53.0928
25 23 40.9921
25.5 23 34.4536
26 23 26.9393
26.5 23 21.3543
27 23 12.9604
27.5 23 9.35936
28 23 7.9844
28.5 23 4.27469
29 23 -4.86409
29.5 23 -1.2351
30 23 -1.57117
30.5 23 6.05585
31 23 0.288364
31.5 23 -0.358469
32 23 0.00418175
32.5 23 -2.23868
33 23 -2.33577
33.5 23 -6.80422
34 23 -9.86133
34.5 23 -5.16348
35 23 -12.2713
35.5 23 -9.92038
36 23 -15.0364
36.5 23 -22.5704
37 23 -28.6898
37.5 23 -36.0125
38 23 -48.6526
38.5 23 -56.6634
39 23 -65.0778
39.5 23 -81.1097
40 23 -91.706
40.5 23 -109.272
41 23 -121.182
41.5 23 -138.461
42 23 -153.514
42.5 23 -174.542
43 23 -201.547
43.5 23 -212.51
44 23 -230.602
44.5 23 -234.241
45 23 -238.285
45.5 23 -230.552
46 23 -233.061
46.5 23 -231.749
47 23 -234.803
47.5 23 -231.407
48 23 -232.275
48.5 23 -240.336
49 23 -238.879
49.5 23 -241.137
50 23 -246.496
50.5 23 -246.217
51 23 -255.853
51.5 23 -252.14
52 23 -252.115
52.5 23 -253.813
53 23 -243.69
53.5 23 -228.604
54 23 -211.472
54.5 23 -201.036
55 23 -197.143
55.5 23 -185.698
56 23 -167.36
56.5 23 -155.335
57 23 -142.946
57.5 23 -128.786
58 23 -121.227
58.5 23 -100.348
59 23 -84.4265
59.5 23 -67.6519
60 23 -50.1346
20 23.5 14.5407
20.5 23.5 18.6654
21 23.5 30.0991
21.5 23.5 35.5985
22 23.5 36.4291
22.5 23.5 46.993
23 23.5 59.1822
23.5 23.5 65.9815
24 23.5 71.7436
24.5 23.5 63.1781
25 23.5 50.7761
25.5 23.5 39.18
26 23.5 27.6583
26.5 23.5 27.5166
27 23.5 27.2349
27.5 23.5 22.148
28 23.5 17.1001
28.5 23.5 12.3715
29 23.5 13.8991
29.5 23.5 11.9314
30 23.5 15.9509
30.5 23.5 17.2716
31 23.5 20.7443
31.5 23.5 16.4366
32 23.5 9.60817
32.5 23.5 6.37337
33 23.5 7.62974
33.5 23.5 6.50792
34 23.5 7.35684
34.5 23.5 3.38816
35 23.5 5.9877
35.5 23.5 3.92185
36 23.5 1.88235
36.5 23.5 -6.34778
37 23.5 -22.891
37.5 23.5 -31.0234
38 23.5 -47.9217
38.5 23.5 -53.1916
39 23.5 -58.4548
39.5 23.5 -69.7667
40 23.5 -87.5348
40.5 23.5 -96.4056
41 23.5 -112.817
41.5 23.5 -128.577
42 23.5 -147.968
42.5 23.5 -167.424
43 23.5 -185.301
43.5 23.5 -206.854
44 23.5 -217.569
44.5 23.5 -223.265
45 23.5 -223.99
45.5 23.5 -223.591
46 23.5 -228.312
46.5 23.5 -227.829
47 23.5 -227.674
47.5 23.5 -228.508
48 23.5 -227.903
48.5 23.5 -231.343
49 23.5 -226.651
49.5 23.5 -228.242
50 23.5 -231.099
50.5 23.5 -231.512
51 23.5 -236.558
51.5 23.5 -241.725
52 23.5 -245.097
52.5 23.5 -236.036
53 23.5 -227.985
53.5 23.5 -215.579
54 23.5 -198.195
54.5 23.5 -191.481
55 23.5 -185.075
55.5 23.5 -179.163
56 23.5 -163.89
56.5 23.5 -148.403
57 23.5 -134.401
57.5 23.5 -122.249
58 23.5 -110.906
58.5 23.5 -95.5312
59 23.5 -79.1537
59.5 23.5 -62.3976
60 23.5 -51.3953
20 24 12.047
20.5 24 22.8478
21 24 33.3739
21.5 24 37.4298
22 24 45.897
22.5 24 51.9185
23 24 63.5349
23.5 24 77.4972
24 24 89.4393
24.5 24 79.8461
25 24 68.8167
25.5 24 50.3784
26 24 32.5893
26.5 24 33.2966
27 24 30.8595
27.5 24 30.1234
28 24 21.3007
28.5 24 22.9412
29 24 24.0378
29.5 24 28.5374
30 24 36.6322
30.5 24 31.591
31 24 34.5701
31.5 24 26.079
32 24 29.315
32.5 24 21.8393
33 24 10.6727
33.5 24 9.59457
34 24 17.8927
34.5 24 13.1562
35 24 16.4446
35.5 24 15.1495
36 24 26.6708
36.5 24 5.94268
37 24 -11.5237
37.5 24 -25.3474
38 24 -45.7881
38.5 24 -44.7946
39 24 -55.2628
39.5 24 -61.8566
40 24 -77.3208
40.5 24 -90.9697
41 24 -100.164
41.5 24 -123.534
42 24 -136.267
42.5 24 -159.676
43 24 -180.34
43.5 24 -200.553
44 24 -221.288
44.5 24 -211.418
45 24 -211.661
45.5 24 -217.404
46 24 -222.105
46.5 24 -214.054
47 24 -212.643
47.5 24 -217.698
48 24 -226.508
48.5 24 -220.827
49 24 -213.998
49.5 24 -211.026
50 24 -207.934
50.5 24 -215.9
51 24 -229.353
51.5 24 -227.436
52 24 -239.483
52.5 24 -221.523
53 24 -202.304
53.5 24 -195.321
54 24 -189.04
54.5 24 -183.776
55 24 -178.786
55.5 24 -168.373
56 24 -160.185
56.5 24 -138.188
57 24 -123.47
57.5 24 -107.604
58 24 -92.6243
58.5 24 -86.9262
59 24 -73.5914
59.5 24 -57.1456
60 24 -46.5982
20 24.5 27.0973
20.5 24.5 32.0392
21 24.5 36.1143
21.5 24.5 42.2439
22 24.5 51.239
22.5 24.5 61.3818
23 24.5 70.5466
23.5 24.5 82.0618
24 24.5 87.2516
24.5 24.5 85.9704
25 24.5 74.8811
25.5 24.5 65.1982
26 24.5 51.3182
26.5 24.5 48.9415
27 24.5 42.7666
27.5 24.5 41.4143
28 24.5 42.4107
28.5 24.5 45.9189
29 24.5 44.068
29.5 24.5 46.1741
30 24.5 40.8812
30.5 24.5 40.4939
31 24.5 41.6644
31.5 24.5 36.9689
32 24.5 33.3957
32.5 24.5 30.2967
33 24.5 21.794
33.5 24.5 18.7482
34 24.5 18.2616
34.5 24.5 25.7184
35 24.5 25.8641
35.5 24.5 27.164
36 24.5 28.12
36.5 24.5 17.136
37 24.5 -1.58919
37.5 24.5 -16.6193
38 24.5 -26.9224
38.5 24.5 -38.9277
39 24.5 -44.872
39.5 24.5 -55.3608
40 24.5 -72.5968
40.5 24.5 -78.2693
41 24.5 -97.4786
41.5 24.5 -113.483
42 24.5 -131.734
42.5 24.5 -152.852
43 24.5 -171.806
43.5 24.5 -188.624
44 24.5 -201.523
44.5 24.5 -202.842
45 24.5 -207.455
45.5 24.5 -207.426
46 24.5 -208.884
46.5 24.5 -204.89
47 24.5 -205.589
47.5 24.5 -209.131
48 24.5 -211.488
48.5 24.5 -205.711
49 24.5 -201.905
49.5 24.5 -199.391
50 24.5 -204.668
50.5 24.5 -209.646
51 24.5 -215.003
51.5 24.5 -213.342
52 24.5 -210.852
52.5 24.5 -197.826
53 24.5 -186.923
53.5 24.5 -174.787
54 24.5 -171.53
54.5 24.5 -164.04
55 24.5 -161.328
55.5 24.5 -147.872
56 24.5 -136.386
56.5 24.5 -125.321
57 24.5 -111.921
57.5 24.5 -99.1394
58 24.5 -93.6393
58.5 24.5 -85.2916
59 24.5 -71.2277
59.5 24.5 -57.0921
60 24.5 -46.4517
20 25 33.0523
20.5 25 41.6964
21 25 38.736
21.5 25 42.8707
22 25 47.7671
22.5 25 68.9432
23 25 76.448
23.5 25 85.8452
24 25 84.7689
24.5 25 87.7452
25 25 85.0413
25.5 25 74.0434
26 25 66.0125
26.5 25 64.548
27 25 64.487
27.5 25 60.8317
28 25 58.5307
28.5 25 61.9096
29 25 65.1312
29.5 25 53.1007
30 25 47.3307
30.5 25 48.8762
31 25 51.5326
31.5 25 43.914
32 25 33.6106
32.5 25 34.1679
33 25 34.2277
33.5 25 31.7917
34 25 25.2018
34.5 25 28.9909
35 25 38.7746
35.5 25 32.474
36 25 36.8292
36.5 25 26.2899
37 25 11.3237
37.5 25 -4.40816
38 25 -17.5564
38.5 25 -28.144
39 25 -39.2295
39.5 25 -48.4973
40 25 -63.7776
40.5 25 -78.7407
41 25 -88.0447
41.5 25 -109.126
42 25 -121.301
42.5 25 -145.938
43 25 -157.605
43.5 25 -168.964
44 25 -182.928
44.5 25 -185.286
45 25 -195.473
45.5 25 -196.947
46 25 -196.094
46.5 25 -193.759
47 25 -187.871
47.5 25 -190.474
48 25 -193.897
48.5 25 -191.602
49 25 -191.897
49.5 25 -188.087
50 25 -193.834
50.5 25 -193.954
51 25 -192.645
51.5 25 -192.603
52 25 -195.184
52.5 25 -179.093
53 25 -167.982
53.5 25 -154.958
54 25 -148.451
54.5 25 -149.555
55 25 -142.343
55.5 25 -129.892
56 25 -122.128
56.5 25 -115.503
57 25 -106.718
57.5 25 -93.1793
58 25 -88.8355
58.5 25 -83.6938
59 25 -78.1948
59.5 25 -58.3332
60 25 -43.1366
20 25.5 52.0851
20.5 25.5 50.0952
21 25.5 52.7587
21.5 25.5 53.3741
22 25.5 61.2289
22.5 25.5 74.6985
23 25.5 78.9716
23.5 25.5 87.6361
24 25.5 86.0103
24.5 25.5 86.3162
25 25.5 80.9177
25.5 25.5 80.6491
26 25.5 82.2132
26.5 25.5 76.4862
27 25.5 83.0025
27.5 25.5 82.6927
28 25.5 78.0923
28.5 25.5 78.5107
29 25.5 71.5163
29.5 25.5 69.5895
30 25.5 61.8266
30.5 25.5 60.1683
31 25.5 59.0435
31.5 25.5 49.0866
32 25.5 40.5978
32.5 25.5 40.5496
33 25.5 36.924
33.5 25.5 36.5989
34 25.5 37.9996
34.5 25.5 41.7338
35 25.5 48.2866
35.5 25.5 43.1435
36 25.5 39.8005
36.5 25.5 29.0235
37 25.5 20.7655
37.5 25.5 3.7349
38 25.5 -13.0517
38.5 25.5 -24.6194
39 25.5 -36.3884
39.5 25.5 -48.1937
40 25.5 -58.2483
40.5 25.5 -75.5803
41 25.5 -83.9488
41.5 25.5 -102.036
42 25.5 -118.711
42.5 25.5 -136.27
43 25.5 -152.31
43.5 25.5 -162.107
44 25.5 -165.164
44.5 25.5 -174.919
45 25.5 -179.088
45.5 25.5 -181.723
46 25.5 -187.921
46.5 25.5 -183.98
47 25.5 -181.767
47.5 25.5 -172.661
48 25.5 -176.816
48.5 25.5 -175.442
49 25.5 -174.891
49.5 25.5 -178.627
50 25.5 -174.747
50.5 25.5 -178.957
51 25.5 -180.104
51.5 25.5 -174.869
52 25.5 -172.515
52.5 25.5 -166.377
53 25.5 -153.145
53.5 25.5 -139.219
54 25.5 -131.872
54.5 25.5 -127.953
55 25.5 -122.872
55.5 25.5 -112.111
56 25.5 -110.231
56.5 25.5 -102.797
57 25.5 -91.0325
57.5 25.5 -90.3242
58 25.5 -88.9561
58.5 25.5 -80.3356
59 25.5 -76.4422
59.5 25.5 -60.905
60 25.5 -47.608
20 26 60.9798
20.5 26 63.5618
21 26 65.4084
21.5 26 65.9919
22 26 66.2614
22.5 26 82.9753
23 26 93.2562
23.5 26 91.6399
24 26 91.8449
24.5 26 91.8817
25 26 86.5237
25.5 26 86.2201
26 26 94.0768
26.5 26 96.1084
27 26 92.1129
27.5 26 100.112
28 26 99.8093
28.5 26 92.9952
29 26 83.7707
29.5 26 75.8808
30 26 67.7416
30.5 26 64.4995
31 26 64.9037
31.5 26 57.6549
32 26 42.1504
32.5 26 47.0112
33 26 49.1663
33.5 26 48.6896
34 26 41.4645
34.5 26 45.5328
35 26 53.8802
35.5 26 50.0511
36 26 44.8562
36.5 26 34.9826
37 26 29.0799
37.5 26 11.5129
38 26 1.44175
38.5 26 -16.4951
39 26 -32.291
39.5 26 -43.8225
40 26 -53.6822
40.5 26 -66.8691
41 26 -83.2762
41.5 26 -97.1091
42 26 -112.196
42.5 26 -122.84
43 26 -141.321
43.5 26 -150.832
44 26 -151.446
44.5 26 -161.506
45 26 -171.225
45.5 26 -170.783
46 26 -174.969
46.5 26 -174.321
47 26 -169.552
47.5 26 -163.704
48 26 -152.801
48.5 26 -153.988
49 26 -161.163
49.5 26 -162.332
50 26 -152.488
50.5 26 -164.228
51 26 -166.962
51.5 26 -159.365
52 26 -156.681
52.5 26 -148.901
53 26 -133.966
53.5 26 -127.588
54 26 -116.288
54.5 26 -108.698
55 26 -101.573
55.5 26 -100.562
56 26 -93.119
56.5 26 -84.1173
57 26 -77.8242
57.5 26 -84.8146
58 26 -86.1387
58.5 26 -78.196
59 26 -77.6685
59.5 26 -68.1862
60 26 -56.6855
20 26.5 66.8842
20.5 26.5 69.3551
21 26.5 74.5731
21.5 26.5 78.1421
22 26.5 87.1865
22.5 26.5 89.6362
23 26.5 100.588
23.5 26.5 103.988
24 26.5 102.861
24.5 26.5 104.11
25 26.5 102.862
25.5 26.5 99.7381
26 26.5 104.416
26.5 26.5 107.231
27 26.5 105.094
27.5 26.5 110.011
28 26.5 111.04
28.5 26.5 100.829
29 26.5 92.4702
29.5 26.5 85.4296
30 26.5 77.975
30.5 26.5 70.1551
31 26.5 65.3928
31.5 26.5 58.226
32 26.5 50.0703
32.5 26.5 49.2261
33 26.5 48.8375
33.5 26.5 53.7272
34 26.5 50.2704
34.5 26.5 53.2531
35 26.5 60.2051
35.5 26.5 54.169
36 26.5 50.5208
36.5 26.5 44.5043
37 26.5 32.5531
37.5 26.5 25.155
38 26.5 5.07105
38.5 26.5 -7.85713
39 26.5 -21.4077
39.5 26.5 -29.4267
40 26.5 -41.9893
40.5 26.5 -50.4603
41 26.5 -63.7081
41.5 26.5 -83.0516
42 26.5 -92.1084
42.5 26.5 -109.962
43 26.5 -121.804
43.5 26.5 -135.254
44 26.5 -139.797
44.5 26.5 -147.984
45 26.5 -147.55
45.5 26.5 -156.695
46 26.5 -159.351
46.5 26.5 -154.496
47 26.5 -148.368
47.5 26.5 -143.767
48 26.5 -144.545
48.5 26.5 -140.2
49 26.5 -146.04
49.5 26.5 -140.778
50 26.5 -142.247
50.5 26.5 -143.81
51 26.5 -144.092
51.5 26.5 -140.869
52 26.5 -140.298
52.5 26.5 -134.203
53 26.5 -122.206
53.5 26.5 -116.818
54 26.5 -107.618
54.5 26.5 -104.269
55 26.5 -97.4822
55.5 26.5 -92.02
56 26.5 -80.1708
56.5 26.5 -72.2576
57 26.5 -69.5237
57.5 26.5 -75.2705
58 26.5 -69.9669
58.5 26.5 -70.3258
59 26.5 -67.7585
59.5 26.5 -61.6609
60 26.5 -47.7326
20 27 79.2068
20.5 27 79.0596
21 27 78.8511
21.5 27 88.7149
22 27 100.141
22.5 27 108.029
23 27 114.798
23.5 27 113.422
24 27 118.286
24.5 27 118.283
25 27 110.556
25.5 27 117.584
26 27 121.45
26.5 27 119.332
27 27 125.855
27.5 27 126.703
28 27 122.425
28.5 27 114.507
29 27 111.336
29.5 27 94.1887
30 27 84.1458
30.5 27 73.3548
31 27 68.017
31.5 27 60.1647
32 27 55.5877
32.5 27 54.0664
33 27 50.2035
33.5 27 54.1401
34 27 62.5356
34.5 27 65.2857
35 27 65.9132
35.5 27 67.6842
36 27 68.2633
36.5 27 56.2211
37 27 47.4926
37.5 27 29.6601
38 27 10.2136
38.5 27 -3.5012
39 27 -9.15742
39.5 27 -16.1183
40 27 -23.2039
40.5 27 -38.7497
41 27 -46.0172
41.5 27 -60.1198
42 27 -74.763
42.5 27 -96.1081
43 27 -113.588
43.5 27 -116.626
44 27 -126.29
44.5 27 -133.038
45 27 -128.627
45.5 27 -140.439
46 27 -140.642
46.5 27 -138.386
47 27 -137.26
47.5 27 -135.839
48 27 -129.668
48.5 27 -130.44
49 27 -129.763
49.5 27 -129.097
50 27 -135.96
50.5 27 -133.406
51 27 -132.957
51.5 27 -125.335
52 27 -118.534
52.5 27 -117.953
53 27 -115.835
53.5 27 -104.783
54 27 -97.7392
54.5 27 -96.2829
55 27 -90.736
55.5 27 -85.0984
56 27 -76.8847
56.5 27 -70.6073
57 27 -57.0515
57.5 27 -61.058
58 27 -63.9651
58.5 27 -58.8155
59 27 -54.8295
59.5 27 -52.1826
60 27 -46.1112
20 27.5 89.2547
20.5 27.5 92.4994
21 27.5 103.774
21.5 27.5 108.369
22 27.5 113.979
22.5 27.5 119.947
23 27.5 122.619
23.5 27.5 132.065
24 27.5 129.543
24.5 27.5 134.166
25 27.5 131.946
25.5 27.5 131.587
26 27.5 136.317
26.5 27.5 134.732
27 27.5 137.823
27.5 27.5 146.224
28 27.5 140.994
28.5 27.5 134.99
29 27.5 123.192
29.5 27.5 105.554
30 27.5 89.2996
30.5 27.5 82.7095
31 27.5 79.8107
31.5 27.5 71.3024
32 27.5 67.0044
32.5 27.5 58.3257
33 27.5 55.7051
33.5 27.5 61.8331
34 27.5 65.5979
34.5 27.5 69.5488
35 27.5 72.9741
35.5 27.5 76.3827
36 27.5 81.7385
36.5 27.5 72.2117
37 27.5 51.6971
37.5 27.5 40.0355
38 27.5 25.5653
38.5 27.5 8.88942
39 27.5 1.687
39.5 27.5 -6.96847
40 27.5 -15.7011
40.5 27.5 -25.3031
41 27.5 -35.9899
41.5 27.5 -46.9252
42 27.5 -62.8994
42.5 27.5 -76.2152
43 27.5 -89.9208
43.5 27.5 -107.317
44 27.5 -114.874
44.5 27.5 -119.67
45 27.5 -124.4
45.5 27.5 -124.336
46 27.5 -123.023
46.5 27.5 -125.218
47 27.5 -122.062
47.5 27.5 -122.491
48 27.5 -121.444
48.5 27.5 -120.629
49 27.5 -120.998
49.5 27.5 -124.533
50 27.5 -124.47
50.5 27.5 -124.89
51 27.5 -114.81
51.5 27.5 -112.227
52 27.5 -102.776
52.5 27.5 -102.708
53 27.5 -96.5883
53.5 27.5 -95.839
54 27.5 -87.1805
54.5 27.5 -85.4615
55 27.5 -77.0859
55.5 27.5 -72.0573
56 27.5 -65.1731
56.5 27.5 -60.2115
57 27.5 -51.2323
57.5 27.5 -50.5841
58 27.5 -50.1668
58.5 27.5 -52.1636
59 27.5 -49.9878
59.5 27.5 -49.9132
60 27.5 -47.8823
20 28 83.8566
20.5 28 101.026
21 28 119.78
21.5 28 129.484
22 28 137.622
22.5 28 134.892
23 28 134.486
23.5 28 138.843
24 28 145.8
24.5 28 145.308
25 28 146.47
25.5 28 144.873
26 28 145.108
26.5 28 146.236
27 28 153.429
27.5 28 157.78
28 28 175.242
28.5 28 146.362
29 28 124.581
29.5 28 110.427
30 28 90.3459
30.5 28 90.3314
31 28 87.1481
31.5 28 78.4468
32 28 71.635
32.5 28 68.3498
33 28 61.6687
33.5 28 64.656
34 28 70.2903
34.5 28 75.1874
35 28 75.7818
35.5 28 83.1388
36 28 108.497
36.5 28 79.8232
37 28 58.285
37.5 28 51.8899
38 28 36.5643
38.5 28 20.0498
39 28 8.47429
39.5 28 3.66453
40 28 -9.59425
40.5 28 -13.0884
41 28 -17.436
41.5 28 -32.9265
42 28 -44.4329
42.5 28 -59.9412
43 28 -77.4247
43.5 28 -98.1923
44 28 -120.741
44.5 28 -111.783
45 28 -113.4
45.5 28 -111.732
46 28 -104.499
46.5 28 -108.787
47 28 -104.665
47.5 28 -112.041
48 28 -116.765
48.5 28 -108.11
49 28 -105.875
49.5 28 -108.09
50 28 -117.91
50.5 28 -105.585
51 28 -100.27
51.5 28 -98.426
52 28 -85.9428
52.5 28 -87.0288
53 28 -82.1257
53.5 28 -80.3179
54 28 -76.8984
54.5 28 -76.5825
55 28 -66.1325
55.5 28 -60.2246
56 28 -43.4674
56.5 28 -45.0074
57 28 -47.8787
57.5 28 -45.7276
58 28 -40.3156
58.5 28 -45.9776
59 28 -52.9418
59.5 28 -48.126
60 28 -53.3822
20 28.5 114.073
20.5 28.5 124.229
21 28.5 131.043
21.5 28.5 140.027
22 28.5 143.633
22.5 28.5 151.268
23 28.5 148.035
23.5 28.5 149.154
24 28.5 153.974
24.5 28.5 152.717
25 28.5 146.745
25.5 28.5 145.384
26 28.5 140.156
26.5 28.5 140.745
27 28.5 144.234
27.5 28.5 149.848
28 28.5 152.355
28.5 28.5 143.913
29 28.5 123.446
29.5 28.5 108.063
30 28.5 100.132
30.5 28.5 91.4075
31 28.5 88.1919
31.5 28.5 81.2821
32 28.5 76.6447
32.5 28.5 74.3498
33 28.5 72.5928
33.5 28.5 68.5259
34 28.5 76.6232
34.5 28.5 79.0529
35 28.5 79.7269
35.5 28.5 87.6784
36 28.5 87.5708
36.5 28.5 74.1494
37 28.5 65.614
37.5 28.5 57.0307
38 28.5 47.077
38.5 28.5 32.5936
39 28.5 19.7272
39.5 28.5 12.5553
40 28.5 6.81737
40.5 28.5 -1.99912
41 28.5 -9.36088
41.5 28.5 -21.596
42 28.5 -39.1483
42.5 28.5 -50.7541
43 28.5 -64.7354
43.5 28.5 -77.6164
44 28.5 -89.7693
44.5 28.5 -91.7962
45 28.5 -90.1409
45.5 28.5 -96.1138
46 28.5 -90.9599
46.5 28.5 -92.8526
47 28.5 -90.0673
47.5 28.5 -97.7472
48 28.5 -100.898
48.5 28.5 -100.509
49 28.5 -93.9873
49.5 28.5 -97.4169
50 28.5 -95.779
50.5 28.5 -89.4405
51 28.5 -86.3029
51.5 28.5 -82.4165
52 28.5 -80.8182
52.5 28.5 -75.0938
53 28.5 -70.1155
53.5 28.5 -69.5343
54 28.5 -66.1153
54.5 28.5 -62.37
55 28.5 -58.4167
55.5 28.5 -46.5795
56 28.5 -42.0114
56.5 28.5 -43.4732
57 28.5 -39.7967
57.5 28.5 -42.1514
58 28.5 -44.2781
58.5 28.5 -44.9202
59 28.5 -43.9194
59.5 28.5 -45.4724
60 28.5 -38.503
20 29 130.569
20.5 29 137.726
21 29 148.958
21.5 29 153.112
22 29 158.954
22.5 29 158.679
23 29 162.704
23.5 29 158.414
24 29 167.174
24.5 29 162.802
25 29 150.179
25.5 29 148.411
26 29 141.925
26.5 29 136.058
27 29 138.132
27.5 29 143.785
28 29 139.863
28.5 29 134.597
29 29 129.514
29.5 29 111.9
30 29 101.146
30.5 29 94.8093
31 29 90.8323
31.5 29 85.8462
32 29 78.0955
32.5 29 72.2768
33 29 71.2752
33.5 29 71.8578
34 29 78.192
34.5 29 82.3114
35 29 86.5649
35.5 29 84.6301
36 29 77.9074
36.5 29 73.7683
37 29 65.1374
37.5 29 61.7723
38 29 52.2397
38.5 29 39.5881
39 29 33.4379
39.5 29 18.8808
40 29 15.5124
40.5 29 8.59983
41 29 4.93555
41.5 29 -11.9658
42 29 -26.5019
42.5 29 -35.5508
43 29 -49.2985
43.5 29 -62.4917
44 29 -69.9034
44.5 29 -73.0699
45 29 -75.1728
45.5 29 -77.8974
46 29 -83.8142
46.5 29 -79.8489
47 29 -76.8351
47.5 29 -80.1944
48 29 -80.8355
48.5 29 -79.3215
49 29 -84.637
49.5 29 -82.3654
50 29 -77.0818
50.5 29 -75.5872
51 29 -64.7393
51.5 29 -70.8107
52 29 -64.6933
52.5 29 -65.0474
53 29 -58.6338
53.5 29 -58.3279
54 29 -57.2744
54.5 29 -51.3058
55 29 -47.0503
55.5 29 -41.4316
56 29 -37.9185
56.5 29 -34.9605
57 29 -32.5984
57.5 29 -30.8519
58 29 -35.8899
58.5 29 -35.3775
59 29 -37.2163
59.5 29 -32.9475
60 29 -34.5944
20 29.5 153.983
20.5 29.5 162.49
21 29.5 164.101
21.5 29.5 163.795
22 29.5 162.817
22.5 29.5 160.49
23 29.5 164.393
23.5 29.5 163.402
24 29.5 169.014
24.5 29.5 165.037
25 29.5 158.066
25.5 29.5 144.97
26 29.5 138.546
26.5 29.5 133.229
27 29.5 136.514
27.5 29.5 132.073
28 29.5 131.37
28.5 29.5 126.963
29 29.5 120.909
29.5 29.5 111.541
30 29.5 101.608
30.5 29.5 98.9725
31 29.5 90.5904
31.5 29.5 86.4108
32 29.5 77.7133
32.5 29.5 78.5556
33 29.5 79.4394
33.5 29.5 81.5514
34 29.5 88.3496
34.5 29.5 90.5478
35 29.5 84.3207
35.5 29.5 84.1781
36 29.5 73.2878
36.5 29.5 70.375
37 29.5 66.7699
37.5 29.5 59.9478
38 29.5 53.5511
38.5 29.5 42.5436
39 29.5 39.063
39.5 29.5 24.9942
40 29.5 22.5832
40.5 29.5 15.5395
41 29.5 15.0947
41.5 29.5 9.81493
42 29.5 -5.73606
42.5 29.5 -14.7865
43 29.5 -26.9629
43.5 29.5 -41.2075
44 29.5 -46.3653
44.5 29.5 -50.3307
45 29.5 -53.5
45.5 29.5 -59.6244
46 29.5 -64.8954
46.5 29.5 -61.8996
47 29.5 -62.4902
47.5 29.5 -65.778
48 29.5 -63.7353
48.5 29.5 -66.4728
49 29.5 -68.918
49.5 29.5 -64.1681
50 29.5 -59.3567
50.5 29.5 -54.8535
51 29.5 -56.1523
51.5 29.5 -55.8142
52 29.5 -53.7036
52.5 29.5 -54.5822
53 29.5 -49.6729
53.5 29.5 -46.394
54 29.5 -40.4942
54.5 29.5 -32.0626
55 29.5 -26.3324
55.5 29.5 -29.3612
56 29.5 -25.7222
56.5 29.5 -23.7359
57 29.5 -22.1357
57.5 29.5 -21.3398
58 29.5 -22.7825
58.5 29.5 -21.2814
59 29.5 -22.6068
59.5 29.5 -19.3429
60 29.5 -17.0536
20 30 174.732
20.5 30 175.389
21 30 181.807
21.5 30 178.564
22 30 170.511
22.5 30 164.414
23 30 162.289
23.5 30 163.708
24 30 172.795
24.5 30 163.77
25 30 156.102
25.5 30 146.535
26 30 135.266
26.5 30 133.772
27 30 128.749
27.5 30 133.584
28 30 131.307
28.5 30 127.767
29 30 115.39
29.5 30 114.618
30 30 106.514
30.5 30 100.065
31 30 102.389
31.5 30 92.0997
32 30 83.618
32.5 30 84.8588
33 30 93.4054
33.5 30 91.4168
34 30 95.8684
34.5 30 94.568
35 30 86.2436
35.5 30 81.2824
36 30 73.1808
36.5 30 75.5894
37 30 69.5929
37.5 30 67.5406
38 30 60.3567
38.5 30 49.276
39 30 40.3206
39.5 30 31.919
40 30 19.9427
40.5 30 24.2989
41 30 32.9083
41.5 30 27.6281
42 30 18.9183
42.5 30 1.49677
43 30 -9.00759
43.5 30 -22.5858
44 30 -29.2107
44.5 30 -31.9147
45 30 -34.3785
45.5 30 -36.2608
46 30 -50.5034
46.5 30 -45.8721
47 30 -49.7161
47.5 30 -51.9239
48 30 -53.5302
48.5 30 -54.3811
49 30 -48.4381
49.5 30 -47.4412
50 30 -44.272
50.5 30 -38.3771
51 30 -35.8664
51.5 30 -38.0928
52 30 -43.6844
52.5 30 -44.0302
53 30 -40.8274
53.5 30 -31.9084
54 30 -12.6836
54.5 30 -19.963
55 30 -12.4135
55.5 30 -15.562
56 30 -23.6645
56.5 30 -16.8454
57 30 -13.3923
57.5 30 -19.5338
58 30 -16.3398
58.5 30 -13.6368
59 30 -8.61441
59.5 30 -10.4929
60 30 -5.71456
20 30.5 187.475
20.5 30.5 188.679
21 30.5 186.837
21.5 30.5 188.099
22 30.5 179.281
22.5 30.5 176.032
23 30.5 168.044
23.5 30.5 170.16
24 30.5 169.757
24.5 30.5 164.657
25 30.5 155.333
25.5 30.5 149.564
26 30.5 137.688
26.5 30.5 138.282
27 30.5 131.554
27.5 30.5 133.395
28 30.5 133.379
28.5 30.5 126.88
29 30.5 121.989
29.5 30.5 111.542
30 30.5 112.346
30.5 30.5 105.142
31 30.5 102.062
31.5 30.5 101.189
32 30.5 97.8139
32.5 30.5 97.1842
33 30.5 100.421
33.5 30.5 102.033
34 30.5 101.951
34.5 30.5 99.0673
35 30.5 94.3626
35.5 30.5 89.5139
36 30.5 83.5103
36.5 30.5 80.2972
37 30.5 79.9001
37.5 30.5 74.2252
38 30.5 71.567
38.5 30.5 64.2816
39 30.5 56.0497
39.5 30.5 49.4288
40 30.5 45.3733
40.5 30.5 43.7036
41 30.5 43.4551
41.5 30.5 36.6317
42 30.5 28.9013
42.5 30.5 17.824
43 30.5 12.9999
43.5 30.5 1.51562
44 30.5 -6.76248
44.5 30.5 -8.83407
45 30.5 -11.0007
45.5 30.5 -16.6259
46 30.5 -23.4398
46.5 30.5 -31.7112
47 30.5 -28.7279
47.5 30.5 -35.3976
48 30.5 -35.2654
48.5 30.5 -33.8942
49 30.5 -33.8017
49.5 30.5 -31.3008
50 30.5 -32.0485
50.5 30.5 -27.617
51 30.5 -32.1153
51.5 30.5 -31.2207
52 30.5 -29.4867
52.5 30.5 -28.9905
53 30.5 -25.4185
53.5 30.5 -16.4695
54 30.5 -12.0372
54.5 30.5 -12.5264
55 30.5 -7.04286
55.5 30.5 -10.7476
56 30.5 -12.0515
56.5 30.5 -15.7708
57 30.5 -10.1922
57.5 30.5 -12.9499
58 30.5 -11.2586
58.5 30.5 -5.83097
59 30.5 0.47831
59.5 30.5 1.20775
60 30.5 3.02582
20 31 209.608
20.5 31 205.302
21 31 197.458
21.5 31 193.55
22 31 187.749
22.5 31 179.966
23 31 170.644
23.5 31 167.337
24 31 167.206
24.5 31 169.582
25 31 162.256
25.5 31 154.768
26 31 142.996
26.5 31 142.262
27 31 138.204
27.5 31 135.999
28 31 129.595
28.5 31 126.716
29 31 118.998
29.5 31 117.32
30 31 117.932
30.5 31 113.996
31 31 104.664
31.5 31 105.517
32 31 106.083
32.5 31 105.695
33 31 104.057
33.5 31 106.624
34 31 104.633
34.5 31 100.773
35 31 95.0445
35.5 31 95.9212
36 31 90.602
36.5 31 91.1872
37 31 88.585
37.5 31 85.8208
38 31 88.5756
38.5 31 79.775
39 31 73.9336
39.5 31 64.474
40 31 60.027
40.5 31 58.3845
41 31 51.2315
41.5 31 43.6768
42 31 36.7271
42.5 31 33.7976
43 31 34.4326
43.5 31 25.5259
44 31 14.2591
44.5 31 10.7125
45 31 11.4328
45.5 31 4.44951
46 31 -9.254
46.5 31 -11.4756
47 31 -14.2296
47.5 31 -12.1409
48 31 -8.05561
48.5 31 -11.2841
49 31 -9.28249
49.5 31 -9.27355
50 31 -10.2683
50.5 31 -19.0439
51 31 -17.9354
51.5 31 -20.0474
52 31 -13.7027
52.5 31 -15.5768
53 31 -17.1734
53.5 31 -8.91006
54 31 -9.85961
54.5 31 -5.92693
55 31 -1.79331
55.5 31 -5.14849
56 31 -6.4161
56.5 31 -10.916
57 31 -8.28357
57.5 31 0.263663
58 31 -1.97031
58.5 31 -0.981171
59 31 3.24863
59.5 31 11.3173
60 31 8.43323
20 31.5 230.442
20.5 31.5 222.682
21 31.5 216.416
21.5 31.5 204.84
22 31.5 194.73
22.5 31.5 190.094
23 31.5 186.494
23.5 31.5 174.17
24 31.5 165.739
24.5 31.5 169.634
25 31.5 166.593
25.5 31.5 154.448
26 31.5 151.546
26.5 31.5 145.286
27 31.5 139.711
27.5 31.5 132.232
28 31.5 127.066
28.5 31.5 129.331
29 31.5 128.286
29.5 31.5 123.811
30 31.5 127.119
30.5 31.5 125.406
31 31.5 118.691
31.5 31.5 117.531
32 31.5 115.11
32.5 31.5 110.87
33 31.5 109.383
33.5 31.5 112.707
34 31.5 113.137
34.5 31.5 107.282
35 31.5 103.953
35.5 31.5 100.288
36 31.5 96.3625
36.5 31.5 94.9643
37 31.5 94.8554
37.5 31.5 92.2843
38 31.5 87.8702
38.5 31.5 87.6275
39 31.5 83.1485
39.5 31.5 72.0799
40 31.5 74.3332
40.5 31.5 66.9658
41 31.5 68.1326
41.5 31.5 63.8317
42 31.5 57.4623
42.5 31.5 54.3261
43 31.5 46.4311
43.5 31.5 46.3895
44 31.5 39.4119
44.5 31.5 36.5851
45 31.5 32.3464
45.5 31.5 22.5692
46 31.5 18.5843
46.5 31.5 15.1086
47 31.5 7.59638
47.5 31.5 9.23245
48 31.5 13.1427
48.5 31.5 5.51385
49 31.5 7.55278
49.5 31.5 0.3559
50 31.5 -1.50283
50.5 31.5 -5.62202
51 31.5 -3.78273
51.5 31.5 -1.06746
52 31.5 -6.16615
52.5 31.5 -3.15192
53 31.5 -6.63296
53.5 31.5 -7.56082
54 31.5 1.45631
54.5 31.5 6.85964
55 31.5 3.9248
55.5 31.5 0.0484994
56 31.5 -3.50319
56.5 31.5 -0.213981
57 31.5 0.172659
57.5 31.5 8.19031
58 31.5 9.16879
58.5 31.5 12.1526
59 31.5 18.5152
59.5 31.5 22.1943
60 31.5 28.6068
20 32 251.932
20.5 32 240.963
21 32 240.017
21.5 32 224.297
22 32 208.729
22.5 32 203.96
23 32 194.925
23.5 32 179.753
24 32 163.676
24.5 32 169.142
25 32 172.082
25.5 32 162.18
26 32 153.711
26.5 32 149.241
27 32 137.286
27.5 32 137.753
28 32 130.618
28.5 32 132.588
29 32 126.178
29.5 32 132.35
30 32 130.932
30.5 32 131.496
31 32 132.1
31.5 32 124.944
32 32 123.565
32.5 32 114.88
33 32 111.412
33.5 32 110.559
34 32 121.101
34.5 32 109.857
35 32 111.815
35.5 32 106.805
36 32 105.953
36.5 32 97.8017
37 32 103.874
37.5 32 96.7117
38 32 94.4455
38.5 32 91.6951
39 32 83.6637
39.5 32 81.1167
40 32 84.9063
40.5 32 84.7749
41 32 79.8172
41.5 32 80.9119
42 32 79.235
42.5 32 63.5875
43 32 58.1098
43.5 32 60.9305
44 32 64.3511
44.5 32 51.6497
45 32 48.2442
45.5 32 43.5476
46 32 41.2692
46.5 32 32.4977
47 32 33.8852
47.5 32 29.6487
48 32 31.4236
48.5 32 26.8552
49 32 17.3794
49.5 32 13.4943
50 32 13.2378
50.5 32 7.4942
51 32 5.02675
51.5 32 6.9143
52 32 9.0881
52.5 32 10.7825
53 32 1.8876
53.5 32 5.73635
54 32 10.9512
54.5 32 17.8782
55 32 13.8215
55.5 32 13.3864
56 32 2.90917
56.5 32 7.75426
57 32 15.4459
57.5 32 21.05
58 32 13.7878
58.5 32 26.8841
59 32 30.9308
59.5 32 35.1858
60 32 32.8667
20 32.5 255.849
20.5 32.5 253.036
21 32.5 250.027
21.5 32.5 238.315
22 32.5 232.048
22.5 32.5 220.402
23 32.5 208.529
23.5 32.5 189.292
24 32.5 185.936
24.5 32.5 184.696
25 32.5 178.328
25.5 32.5 176.502
26 32.5 166.67
26.5 32.5 158.896
27 32.5 153.43
27.5 32.5 145.84
28 32.5 143.173
28.5 32.5 137.312
29 32.5 136.628
29.5 32.5 139.04
30 32.5 136.717
30.5 32.5 138.953
31 32.5 134.509
31.5 32.5 125.98
32 32.5 114.716
32.5 32.5 112.753
33 32.5 106.272
33.5 32.5 106.63
34 32.5 110.726
34.5 32.5 104.098
35 32.5 100.46
35.5 32.5 104.386
36 32.5 104.343
36.5 32.5 99.5076
37 32.5 102.764
37.5 32.5 94.4236
38 32.5 95.2181
38.5 32.5 87.122
39 32.5 87.4697
39.5 32.5 84.6904
40 32.5 90.1926
40.5 32.5 93.0117
41 32.5 93.9475
41.5 32.5 91.0347
42 32.5 86.1822
42.5 32.5 78.5351
43 32.5 72.6455
43.5 32.5 75.1352
44 32.5 68.7242
44.5 32.5 69.7602
45 32.5 63.9487
45.5 32.5 60.4634
46 32.5 61.6561
46.5 32.5 55.0096
47 32.5 53.3469
47.5 32.5 54.188
48 32.5 47.616
48.5 32.5 47.551
49 32.5 37.6557
49.5 32.5 36.6529
50 32.5 24.6625
50.5 32.5 22.6554
51 32.5 20.8252
51.5 32.5 18.6539
52 32.5 16.6401
52.5 32.5 20.4096
53 32.5 21.7051
53.5 32.5 17.7317
54 32.5 24.8678
54.5 32.5 25.9987
55 32.5 26.4776
55.5 32.5 21.3854
56 32.5 14.6821
56.5 32.5 22.5701
57 32.5 27.8475
57.5 32.5 34.9642
58 32.5 36.4403
58.5 32.5 41.1253
59 32.5 46.1785
59.5 32.5 43.9717
60 32.5 47.0746
20 33 270.805
20.5 33 267.924
21 33 265.682
21.5 33 259.442
22 33 249.966
22.5 33 232.828
23 33 214.463
23.5 33 202.982
24 33 194.739
24.5 33 194.36
25 33 194.584
25.5 33 186.51
26 33 178.166
26.5 33 166.09
27 33 157.38
27.5 33 154.334
28 33 145.342
28.5 33 140.081
29 33 140.966
29.5 33 140.621
30 33 142.217
30.5 33 135.597
31 33 134.58
31.5 33 121.351
32 33 112.521
32.5 33 105.387
33 33 102.945
33.5 33 103.645
34 33 100.628
34.5 33 98.1661
35 33 92.4153
35.5 33 92.1488
36 33 92.5116
36.5 33 99.2399
37 33 102.992
37.5 33 94.4598
38 33 91.8655
38.5 33 90.0207
39 33 86.338
39.5 33 94.9862
40 33 97.1685
40.5 33 99.6461
41 33 108.079
41.5 33 101.203
42 33 104.457
42.5 33 93.4486
43 33 84.1995
43.5 33 78.9905
44 33 79.5469
44.5 33 79.6277
45 33 73.8343
45.5 33 72.6065
46 33 79.4582
46.5 33 75.2069
47 33 75.1936
47.5 33 73.4773
48 33 69.6294
48.5 33 66.2873
49 33 62.3893
49.5 33 48.8058
50 33 40.935
50.5 33 35.9445
51 33 34.9551
51.5 33 29.6161
52 33 23.2274
52.5 33 29.8143
53 33 31.1196
53.5 33 31.2673
54 33 30.326
54.5 33 37.1303
55 33 37.7212
55.5 33 31.5818
56 33 27.7878
56.5 33 41.8961
57 33 49.7177
57.5 33 53.7769
58 33 55.4276
58.5 33 64.2521
59 33 61.858
59.5 33 64.9244
60 33 63.1259
20 33.5 286.9
20.5 33.5 281.198
21 33.5 276.382
21.5 33.5 268.37
22 33.5 263.869
22.5 33.5 253.816
23 33.5 240.786
23.5 33.5 225.692
24 33.5 218.445
24.5 33.5 209.438
25 33.5 205.963
25.5 33.5 198.583
26 33.5 194.791
26.5 33.5 185.142
27 33.5 171.043
27.5 33.5 163.406
28 33.5 154.19
28.5 33.5 146.96
29 33.5 149.671
29.5 33.5 143.364
30 33.5 142.04
30.5 33.5 140.882
31 33.5 130.197
31.5 33.5 122.501
32 33.5 114.743
32.5 33.5 103.268
33 33.5 98.6577
33.5 33.5 96.8752
34 33.5 85.8729
34.5 33.5 84.598
35 33.5 82.3991
35.5 33.5 87.3219
36 33.5 93.0554
36.5 33.5 98.7152
37 33.5 93.8558
37.5 33.5 92.0694
38 33.5 92.4098
38.5 33.5 92.5819
39 33.5 90.7984
39.5 33.5 100.167
40 33.5 100.75
40.5 33.5 103.908
41 33.5 106.288
41.5 33.5 105.955
42 33.5 105.574
42.5 33.5 102.142
43 33.5 94.6409
43.5 33.5 92.8875
44 33.5 97.4733
44.5 33.5 92.6901
45 33.5 92.3403
45.5 33.5 90.2165
46 33.5 89.4394
46.5 33.5 89.1352
47 33.5 85.5384
47.5 33.5 89.3476
48 33.5 87.8926
48.5 33.5 79.6191
49 33.5 72.6872
49.5 33.5 69.0037
50 33.5 59.7674
50.5 33.5 57.1764
51 33.5 46.6001
51.5 33.5 34.8541
52 33.5 33.4668
52.5 33.5 35.3978
53 33.5 36.4048
53.5 33.5 35.2395
54 33.5 38.482
54.5 33.5 43.3756
55 33.5 41.1051
55.5 33.5 46.0841
56 33.5 45.4174
56.5 33.5 53.3023
57 33.5 63.5193
57.5 33.5 75.932
58 33.5 77.1286
58.5 33.5 84.4073
59 33.5 84.0322
59.5 33.5 80.5196
60 33.5 81.4517
20 34 298.285
20.5 34 292.191
21 34 284.9
21.5 34 281.266
22 34 279.812
22.5 34 272.324
23 34 261.031
23.5 34 251.462
24 34 243.094
24.5 34 231.358
25 34 220.662
25.5 34 210.562
26 34 213.961
26.5 34 192.131
27 34 176.514
27.5 34 172.695
28 34 160.621
28.5 34 154.671
29 34 154.831
29.5 34 149.749
30 34 147.093
30.5 34 136.892
31 34 125.246
31.5 34 117.721
32 34 110.154
32.5 34 99.5249
33 34 98.9406
33.5 34 89.1257
34 34 77.5717
34.5 34 76.683
35 34 77.5979
35.5 34 85.1551
36 34 95.8775
36.5 34 91.3669
37 34 92.2894
37.5 34 88.8226
38 34 80.7316
38.5 34 95.1087
39 34 98.9144
39.5 34 106.416
40 34 112.96
40.5 34 113.747
41 34 109.259
41.5 34 114.927
42 34 117.857
42.5 34 118.054
43 34 112.307
43.5 34 107.733
44 34 109.034
44.5 34 106.511
45 34 100.402
45.5 34 106.184
46 34 100.78
46.5 34 101.09
47 34 93.8029
47.5 34 98.4773
48 34 106.724
48.5 34 94.4522
49 34 85.1872
49.5 34 78.8056
50 34 79.0725
50.5 34 70.7571
51 34 60.8658
51.5 34 50.7316
52 34 35.8057
52.5 34 44.9998
53 34 40.8742
53.5 34 44.702
54 34 45.9176
54.5 34 46.1882
55 34 49.0578
55.5 34 57.1267
56 34 56.4374
56.5 34 71.1173
57 34 86.0139
57.5 34 93.1195
58 34 108.552
58.5 34 103.618
59 34 103.28
59.5 34 99.393
60 34 94.13
20 34.5 318.425
20.5 34.5 312.375
21 34.5 310.369
21.5 34.5 303.452
22 34.5 295.922
22.5 34.5 288.165
23 34.5 275.854
23.5 34.5 266.316
24 34.5 259.493
24.5 34.5 249.158
25 34.5 234.21
25.5 34.5 224.539
26 34.5 212.66
26.5 34.5 199.863
27 34.5 185.891
27.5 34.5 177.241
28 34.5 169.104
28.5 34.5 160.071
29 34.5 152.506
29.5 34.5 148.604
30 34.5 144.083
30.5 34.5 139.306
31 34.5 126.218
31.5 34.5 115.551
32 34.5 107.111
32.5 34.5 101.071
33 34.5 91.7311
33.5 34.5 79.0818
34 34.5 73.1447
34.5 34.5 76.7036
35 34.5 78.6392
35.5 34.5 83.011
36 34.5 88.5292
36.5 34.5 92.1949
37 34.5 87.9479
37.5 34.5 84.6789
38 34.5 90.5332
38.5 34.5 94.0147
39 34.5 100.289
39.5 34.5 109.161
40 34.5 114.519
40.5 34.5 119.216
41 34.5 118.484
41.5 34.5 121.156
42 34.5 121.637
42.5 34.5 125.172
43 34.5 125.954
43.5 34.5 128.548
44 34.5 120.327
44.5 34.5 117.417
45 34.5 122.007
45.5 34.5 118.121
46 34.5 118.54
46.5 34.5 114.984
47 34.5 114.861
47.5 34.5 110.433
48 34.5 113.527
48.5 34.5 112.291
49 34.5 104.399
49.5 34.5 95.4374
50 34.5 88.8128
50.5 34.5 84.3769
51 34.5 72.6024
51.5 34.5 67.0324
52 34.5 54.9978
52.5 34.5 56.9803
53 34.5 57.5278
53.5 34.5 63.0845
54 34.5 65.3268
54.5 34.5 62.4421
55 34.5 64.474
55.5 34.5 71.2313
56 34.5 77.6702
56.5 34.5 86.4848
57 34.5 100.451
57.5 34.5 116.723
58 34.5 127.49
58.5 34.5 128.511
59 34.5 124.297
59.5 34.5 126.532
60 34.5 117.576
20 35 349.754
20.5 35 340.685
21 35 330.247
21.5 35 323.497
22 35 320.761
22.5 35 303.818
23 35 298.887
23.5 35 281.415
24 35 267.723
24.5 35 259.498
25 35 251.457
25.5 35 238.823
26 35 222.214
26.5 35 210.328
27 35 197.363
27.5 35 182.93
28 35 179.064
28.5 35 163.342
29 35 155.62
29.5 35 148.059
30 35 142.879
30.5 35 140.195
31 35 130.543
31.5 35 119.225
32 35 108.391
32.5 35 93.1462
33 35 77.9754
33.5 35 80.3506
34 35 75.4028
34.5 35 73.6738
35 35 70.5563
35.5 35 77.2267
36 35 85.2417
36.5 35 80.0751
37 35 79.873
37.5 35 81.6273
38 35 87.9556
38.5 35 96.9543
39 35 99.2535
39.5 35 105.998
40 35 113.161
40.5 35 119.1
41 35 133.375
41.5 35 133.139
42 35 129.341
42.5 35 133.239
43 35 148.834
43.5 35 144.194
44 35 137.624
44.5 35 136.027
45 35 136.617
45.5 35 126.639
46 35 125.526
46.5 35 125.79
47 35 126.921
47.5 35 119.651
48 35 126.047
48.5 35 125.708
49 35 117.335
49.5 35 108.527
50 35 98.4154
50.5 35 92.1853
51 35 83.8085
51.5 35 80.3846
52 35 76.0922
52.5 35 73.5635
53 35 73.8159
53.5 35 79.8516
54 35 77.6871
54.5 35 75.0609
55 35 83.3273
55.5 35 91.4728
56 35 92.0982
56.5 35 109.54
57 35 124.839
57.5 35 131.116
58 35 145.658
58.5 35 142.649
59 35 152.207
59.5 35 149.969
60 35 141.075
20 35.5 368.869
20.5 35.5 362.111
21 35.5 348.988
21.5 35.5 339.67
22 35.5 336.732
22.5 35.5 320.803
23 35.5 310.076
23.5 35.5 292.578
24 35.5 288.552
24.5 35.5 272.14
25 35.5 258.708
25.5 35.5 249.843
26 35.5 238.896
26.5 35.5 220.498
27 35.5 205.865
27.5 35.5 192.179
28 35.5 179.327
28.5 35.5 169.416
29 35.5 159.204
29.5 35.5 150.609
30 35.5 146.884
30.5 35.5 135.697
31 35.5 128.184
31.5 35.5 113.911
32 35.5 94.9008
32.5 35.5 88.1825
33 35.5 78.6301
33.5 35.5 73.9875
34 35.5 72.5432
34.5 35.5 70.362
35 35.5 67.077
35.5 35.5 68.8604
36 35.5 74.3673
36.5 35.5 79.1428
37 35.5 77.0885
37.5 35.5 83.9913
38 35.5 89.9165
38.5 35.5 99.051
39 35.5 107.268
39.5 35.5 110.565
40 35.5 123.821
40.5 35.5 126.543
41 35.5 133.583
41.5 35.5 134.046
42 35.5 140.002
42.5 35.5 144.183
43 35.5 148.704
43.5 35.5 159.316
44 35.5 156.769
44.5 35.5 152.266
45 35.5 145.745
45.5 35.5 130.541
46 35.5 124.865
46.5 35.5 128.789
47 35.5 124.369
47.5 35.5 125.111
48 35.5 132.375
48.5 35.5 131.499
49 35.5 126.651
49.5 35.5 118.337
50 35.5 112.156
50.5 35.5 106.475
51 35.5 95.3063
51.5 35.5 85.8105
52 35.5 85.2329
52.5 35.5 79.9156
53 35.5 87.9328
53.5 35.5 89.0202
54 35.5 85.7056
54.5 35.5 88.9479
55 35.5 100.243
55.5 35.5 108.267
56 35.5 116.163
56.5 35.5 125.128
57 35.5 139.844
57.5 35.5 152.393
58 35.5 160.934
58.5 35.5 160.398
59 35.5 169.065
59.5 35.5 165.138
60 35.5 166.621
20 36 396.751
20.5 36 371.808
21 36 356.922
21.5 36 354.258
22 36 349.372
22.5 36 334.161
23 36 311.829
23.5 36 302.508
24 36 308.176
24.5 36 284.184
25 36 273.775
25.5 36 257.832
26 36 250.552
26.5 36 229.528
27 36 214.863
27.5 36 191.252
28 36 168.648
28.5 36 167.833
29 36 161.211
29.5 36 156.094
30 36 147.435
30.5 36 142.555
31 36 131.243
31.5 36 113.083
32 36 81.487
32.5 36 85.1135
33 36 83.452
33.5 36 74.8688
34 36 73.6863
34.5 36 73.3754
35 36 70.9112
35.5 36 68.5814
36 36 64.0784
36.5 36 70.6329
37 36 74.0338
37.5 36 82.7209
38 36 92.5099
38.5 36 102.039
39 36 110.853
39.5 36 115.82
40 36 135.149
40.5 36 132.545
41 36 134.204
41.5 36 138.792
42 36 147.13
42.5 36 149.225
43 36 150.718
43.5 36 161.415
44 36 184.509
44.5 36 161.488
45 36 148.579
45.5 36 142.397
46 36 126.4
46.5 36 131.373
47 36 125.314
47.5 36 126.897
48 36 138.069
48.5 36 136.25
49 36 140.367
49.5 36 134.341
50 36 127.58
50.5 36 115.604
51 36 103.16
51.5 36 99.1096
52 36 85.7452
52.5 36 91.1504
53 36 92.9938
53.5 36 98.9187
54 36 97.1118
54.5 36 100.16
55 36 107.248
55.5 36 116.528
56 36 135.974
56.5 36 139.144
57 36 149.292
57.5 36 161.336
58 36 176.827
58.5 36 174.773
59 36 183.062
59.5 36 185.732
60 36 195.124
20 36.5 387.666
20.5 36.5 375.675
21 36.5 366.394
21.5 36.5 358.643
22 36.5 354.294
22.5 36.5 339.166
23 36.5 319.741
23.5 36.5 312.546
24 36.5 304.639
24.5 36.5 292.658
25 36.5 277.424
25.5 36.5 263.835
26 36.5 251.942
26.5 36.5 231.371
27 36.5 217.443
27.5 36.5 201.371
28 36.5 184.67
28.5 36.5 179.161
29 36.5 168.85
29.5 36.5 161.767
30 36.5 155.302
30.5 36.5 144.617
31 36.5 125.205
31.5 36.5 109.401
32 36.5 91.3055
32.5 36.5 90.7805
33 36.5 87.18
33.5 36.5 78.6136
34 36.5 71.1233
34.5 36.5 68.7582
35 36.5 71.0904
35.5 36.5 64.5402
36 36.5 67.1803
36.5 36.5 70.9974
37 36.5 73.038
37.5 36.5 80.6025
38 36.5 86.6148
38.5 36.5 93.9041
39 36.5 108.068
39.5 36.5 116.482
40 36.5 119.333
40.5 36.5 126.07
41 36.5 130.16
41.5 36.5 133.889
42 36.5 139.964
42.5 36.5 150.05
43 36.5 154.498
43.5 36.5 163.21
44 36.5 166.152
44.5 36.5 160.029
45 36.5 154.49
45.5 36.5 148.027
46 36.5 141.798
46.5 36.5 134.453
47 36.5 135.803
47.5 36.5 134.187
48 36.5 142.66
48.5 36.5 140.454
49 36.5 139.436
49.5 36.5 143.968
50 36.5 135.25
50.5 36.5 131.637
51 36.5 123.479
51.5 36.5 111.827
52 36.5 109.457
52.5 36.5 108.65
53 36.5 106.74
53.5 36.5 106.277
54 36.5 109.604
54.5 36.5 118.198
55 36.5 121.83
55.5 36.5 130.518
56 36.5 140.528
56.5 36.5 155.61
57 36.5 164.502
57.5 36.5 173.823
58 36.5 182.272
58.5 36.5 191.399
59 36.5 191.521
59.5 36.5 198.695
60 36.5 197.512
20 37 388.794
20.5 37 377.721
21 37 372.28
21.5 37 366.158
22 37 357.256
22.5 37 343.204
23 37 322.066
23.5 37 313.402
24 37 315.371
24.5 37 296.267
25 37 287.94
25.5 37 269.778
26 37 247.275
26.5 37 231.214
27 37 215.424
27.5 37 207.288
28 37 201.813
28.5 37 188.745
29 37 179.065
29.5 37 164.455
30 37 159.855
30.5 37 145.988
31 37 128.161
31.5 37 111.496
32 37 98.0714
32.5 37 93.5879
33 37 85.3558
33.5 37 77.5827
34 37 79.0411
34.5 37 72.7638
35 37 67.4699
35.5 37 63.667
36 37 64.9956
36.5 37 75.0993
37 37 79.3145
37.5 37 82.2242
38 37 81.7132
38.5 37 93.6117
39 37 99.7895
39.5 37 105.893
40 37 114.275
40.5 37 114.795
41 37 126.398
41.5 37 130.401
42 37 137.055
42.5 37 148.903
43 37 159.713
43.5 37 152.694
44 37 153.116
44.5 37 155.164
45 37 154.402
45.5 37 150.044
46 37 146.863
46.5 37 147.674
47 37 144.395
47.5 37 145.765
48 37 142.895
48.5 37 145.267
49 37 145.246
49.5 37 150.778
50 37 148.116
50.5 37 145.054
51 37 138.161
51.5 37 128.787
52 37 128.873
52.5 37 123.161
53 37 119.713
53.5 37 124.819
54 37 126.874
54.5 37 127.569
55 37 136.601
55.5 37 144.563
56 37 155.175
56.5 37 165.177
57 37 172.819
57.5 37 180.397
58 37 186.085
58.5 37 197.416
59 37 204.877
59.5 37 207.636
60 37 206.902
20 37.5 386.933
20.5 37.5 376.064
21 37.5 367.258
21.5 37.5 360.728
22 37.5 358.629
22.5 37.5 341.642
23 37.5 331.308
23.5 37.5 319.312
24 37.5 312.119
24.5 37.5 302.587
25 37.5 289.264
25.5 37.5 265.65
26 37.5 254.439
26.5 37.5 240.365
27 37.5 228.422
27.5 37.5 214.718
28 37.5 206.201
28.5 37.5 194.827
29 37.5 180.784
29.5 37.5 172.223
30 37.5 157.188
30.5 37.5 142.31
31 37.5 128.338
31.5 37.5 118.677
32 37.5 109.788
32.5 37.5 96.5417
33 37.5 91.6382
33.5 37.5 80.2268
34 37.5 76.4955
34.5 37.5 72.1555
35 37.5 70.8459
35.5 37.5 68.4218
36 37.5 72.5975
36.5 37.5 78.1613
37 37.5 78.0978
37.5 37.5 83.8861
38 37.5 82.4229
38.5 37.5 89.0377
39 37.5 95.8791
39.5 37.5 100.674
40 37.5 100.223
40.5 37.5 107.354
41 37.5 114.214
41.5 37.5 126.102
42 37.5 133.311
42.5 37.5 139.747
43 37.5 146.149
43.5 37.5 145.362
44 37.5 147.451
44.5 37.5 147.981
45 37.5 149.06
45.5 37.5 150.842
46 37.5 152.145
46.5 37.5 151.226
47 37.5 146.384
47.5 37.5 151.656
48 37.5 148.74
48.5 37.5 152.08
49 37.5 155.376
49.5 37.5 157.942
50 37.5 158.546
50.5 37.5 156.755
51 37.5 157.206
51.5 37.5 152.588
52 37.5 153.735
52.5 37.5 147.643
53 37.5 143.922
53.5 37.5 141.617
54 37.5 142.904
54.5 37.5 142.767
55 37.5 143.401
55.5 37.5 150.315
56 37.5 158.89
56.5 37.5 168.379
57 37.5 174.425
57.5 37.5 181.324
58 37.5 191.319
58.5 37.5 206.081
59 37.5 207.839
59.5 37.5 216.37
60 37.5 215.975
20 38 383.983
20.5 38 372.471
21 38 364.154
21.5 38 356.681
22 38 359.05
22.5 38 342.729
23 38 328.975
23.5 38 318.056
24 38 308.79
24.5 38 302.587
25 38 289.534
25.5 38 265.619
26 38 248.374
26.5 38 239.523
27 38 236.557
27.5 38 227.933
28 38 218.833
28.5 38 199.619
29 38 181.674
29.5 38 175.664
30 38 160.194
30.5 38 147.461
31 38 134.214
31.5 38 119.57
32 38 116.568
32.5 38 102.27
33 38 92.4966
33.5 38 79.7119
34 38 79.8795
34.5 38 69.8059
35 38 65.928
35.5 38 72.3289
36 38 74.9181
36.5 38 80.4474
37 38 83.3183
37.5 38 88.9478
38 38 86.176
38.5 38 87.6109
39 38 99.3146
39.5 38 97.56
40 38 90.972
40.5 38 98.7558
41 38 106.247
41.5 38 117.657
42 38 130.949
42.5 38 139.789
43 38 142.967
43.5 38 142.41
44 38 138.931
44.5 38 149.694
45 38 155.21
45.5 38 156.579
46 38 162.57
46.5 38 161.346
47 38 151.739
47.5 38 159.043
48 38 159.845
48.5 38 163.377
49 38 169.14
49.5 38 174.274
50 38 172.511
50.5 38 170.013
51 38 171.935
51.5 38 171.458
52 38 170.53
52.5 38 161.653
53 38 160.959
53.5 38 153.649
54 38 150.576
54.5 38 148.188
55 38 148.491
55.5 38 159.713
56 38 164.614
56.5 38 168.59
57 38 175.882
57.5 38 190.875
58 38 204.05
58.5 38 207.031
59 38 217.496
59.5 38 219.898
60 38 220.387
20 38.5 370.586
20.5 38.5 365.587
21 38.5 358.298
21.5 38.5 355.388
22 38.5 356.246
22.5 38.5 348.126
23 38.5 334.449
23.5 38.5 319.248
24 38.5 305.019
24.5 38.5 299.19
25 38.5 285.106
25.5 38.5 273.821
26 38.5 255.505
26.5 38.5 243.426
27 38.5 231.157
27.5 38.5 227.008
28 38.5 213.351
28.5 38.5 199.423
29 38.5 189.739
29.5 38.5 175.973
30 38.5 161.487
30.5 38.5 150.474
31 38.5 132.375
31.5 38.5 121.616
32 38.5 114.113
32.5 38.5 105.292
33 38.5 89.6522
33.5 38.5 77.6089
34 38.5 72.548
34.5 38.5 70.3916
35 38.5 63.9492
35.5 38.5 64.6862
36 38.5 72.8309
36.5 38.5 75.9973
37 38.5 79.1501
37.5 38.5 87.2723
38 38.5 90.7071
38.5 38.5 90.3695
39 38.5 94.3266
39.5 38.5 91.3293
40 38.5 93.6144
40.5 38.5 99.1875
41 38.5 105.662
41.5 38.5 113.188
42 38.5 123.575
42.5 38.5 138.075
43 38.5 145.706
43.5 38.5 143.879
44 38.5 146.802
44.5 38.5 145.934
45 38.5 151.693
45.5 38.5 163.695
46 38.5 164.715
46.5 38.5 165.941
47 38.5 162.798
47.5 38.5 166.536
48 38.5 167.722
48.5 38.5 175.033
49 38.5 180.749
49.5 38.5 182.805
50 38.5 184.666
50.5 38.5 181.611
51 38.5 175.842
51.5 38.5 177.444
52 38.5 177.781
52.5 38.5 177.544
53 38.5 172.735
53.5 38.5 165.043
54 38.5 160.366
54.5 38.5 163.943
55 38.5 162.77
55.5 38.5 167.39
56 38.5 168.901
56.5 38.5 179.176
57 38.5 191.434
57.5 38.5 199.725
58 38.5 201.032
58.5 38.5 205.803
59 38.5 212.496
59.5 38.5 216.347
60 38.5 219.465
20 39 360.666
20.5 39 356.249
21 39 359.427
21.5 39 355.709
22 39 354.404
22.5 39 343.064
23 39 334.614
23.5 39 318.224
24 39 305.648
24.5 39 298.06
25 39 293.645
25.5 39 273.368
26 39 262.377
26.5 39 246.387
27 39 233.757
27.5 39 227.545
28 39 208.854
28.5 39 199.139
29 39 187.848
29.5 39 176.631
30 39 170.269
30.5 39 151.759
31 39 136.059
31.5 39 123.626
32 39 112.748
32.5 39 97.9698
33 39 84.4758
33.5 39 73.9307
34 39 66.376
34.5 39 68.5037
35 39 64.8696
35.5 39 64.8242
36 39 66.385
36.5 39 72.0562
37 39 78.0715
37.5 39 79.6331
38 39 88.7927
38.5 39 88.4588
39 39 83.0515
39.5 39 84.1783
40 39 88.9275
40.5 39 97.7574
41 39 105.265
41.5 39 117.678
42 39 125.437
42.5 39 134.204
43 39 142.737
43.5 39 148.617
44 39 148.914
44.5 39 149.885
45 39 156.872
45.5 39 171.308
46 39 177.581
46.5 39 173.777
47 39 176.344
47.5 39 179.587
48 39 174.831
48.5 39 185.621
49 39 187.761
49.5 39 190.264
50 39 193.598
50.5 39 192.404
51 39 188.609
51.5 39 185.951
52 39 184.312
52.5 39 187.465
53 39 184.828
53.5 39 178.253
54 39 176.13
54.5 39 173.593
55 39 173.56
55.5 39 173.528
56 39 179.484
56.5 39 190.746
57 39 199.271
57.5 39 200.461
58 39 204.607
58.5 39 208.192
59 39 209.896
59.5 39 216.787
60 39 227.563
20 39.5 350.117
20.5 39.5 352.581
21 39.5 349.334
21.5 39.5 349.431
22 39.5 342.485
22.5 39.5 337.378
23 39.5 333.316
23.5 39.5 324.173
24 39.5 313.673
24.5 39.5 302.293
25 39.5 291.931
25.5 39.5 278.115
26 39.5 268.234
26.5 39.5 252.471
27 39.5 234.525
27.5 39.5 226.57
28 39.5 215.794
28.5 39.5 205.352
29 39.5 190.759
29.5 39.5 182.3
30 39.5 167.115
30.5 39.5 155.08
31 39.5 141.902
31.5 39.5 127.282
32 39.5 110.881
32.5 39.5 91.2461
33 39.5 81.2883
33.5 39.5 75.0635
34 39.5 67.5954
34.5 39.5 68.5272
35 39.5 61.7109
35.5 39.5 61.5208
36 39.5 62.4211
36.5 39.5 66.4476
37 39.5 71.4434
37.5 39.5 79.5224
38 39.5 84.7481
38.5 39.5 86.3421
39 39.5 89.8073
39.5 39.5 89.2158
40 39.5 92.6933
40.5 39.5 96.1277
41 39.5 105.354
41.5 39.5 121.011
42 39.5 130.207
42.5 39.5 137.298
43 39.5 142.768
43.5 39.5 144.818
44 39.5 148.178
44.5 39.5 159.593
45 39.5 169.153
45.5 39.5 180.191
46 39.5 187.066
46.5 39.5 188.492
47 39.5 185.993
47.5 39.5 187.763
48 39.5 185.549
48.5 39.5 189.59
49 39.5 191.459
49.5 39.5 192.268
50 39.5 199.268
50.5 39.5 196.336
51 39.5 202.882
51.5 39.5 200.364
52 39.5 201.619
52.5 39.5 197.533
53 39.5 194.128
53.5 39.5 186.455
54 39.5 185.778
54.5 39.5 182.922
55 39.5 179.639
55.5 39.5 181.997
56 39.5 185.193
56.5 39.5 189.986
57 39.5 200.528
57.5 39.5 198.789
58 39.5 201.855
58.5 39.5 208.396
59 39.5 209.63
59.5 39.5 213.297
60 39.5 225.606
20 40 340.178
20.5 40 350.344
21 40 349.422
21.5 40 346.868
22 40 338.439
22.5 40 330.536
23 40 331.138
23.5 40 322.803
24 40 315.038
24.5 40 305.349
25 40 295.961
25.5 40 283.491
26 40 270.372
26.5 40 247.732
27 40 235.604
27.5 40 225.324
28 40 230.171
28.5 40 212.535
29 40 199.747
29.5 40 179.623
30 40 174.062
30.5 40 155.949
31 40 143.644
31.5 40 127.054
32 40 100.534
32.5 40 89.815
33 40 80.3937
33.5 40 76.6953
34 40 62.011
34.5 40 63.9591
35 40 65.3193
35.5 40 59.8853
36 40 56.0207
36.5 40 67.3331
37 40 72.7685
37.5 40 82.4705
38 40 82.575
38.5 40 87.9392
39 40 94.5448
39.5 40 96.9392
40 40 93.6503
40.5 40 106.906
41 40 112.606
41.5 40 126.049
42 40 142.695
42.5 40 148.753
43 40 146.042
43.5 40 146.288
44 40 143.983
44.5 40 163.306
45 40 178.226
45.5 40 184.754
46 40 194.059
46.5 40 196.504
47 40 195.286
47.5 40 190.651
48 40 195.422
48.5 40 199.517
49 40 194.947
49.5 40 196.518
50 40 200.191
50.5 40 203.982
51 40 212.849
51.5 40 216.022
52 40 209.912
52.5 40 205.701
53 40 207.376
53.5 40 199.833
54 40 189.924
54.5 40 192.646
55 40 190.597
55.5 40 189.183
56 40 191.653
56.5 40 198.414
57 40 203.268
57.5 40 203.021
58 40 203.729
58.5 40 206.292
59 40 202.615
59.5 40 212.185
60 40 219.63
20 40.5 341.305
20.5 40.5 349.18
21 40.5 344.666
21.5 40.5 344.291
22 40.5 332.748
22.5 40.5 326.555
23 40.5 322.262
23.5 40.5 318.586
24 40.5 312.781
24.5 40.5 302.354
25 40.5 286.625
25.5 40.5 276.294
26 40.5 259.032
26.5 40.5 242.202
27 40.5 230.162
27.5 40.5 225.206
28 40.5 214.069
28.5 40.5 201.736
29 40.5 192.163
29.5 40.5 175.658
30 40.5 162.446
30.5 40.5 157.549
31 40.5 139.691
31.5 40.5 126.132
32 40.5 107.479
32.5 40.5 98.9285
33 40.5 85.007
33.5 40.5 78.7591
34 40.5 70.8119
34.5 40.5 68.7039
35 40.5 68.8118
35.5 40.5 63.8913
36 40.5 60.5339
36.5 40.5 67.3436
37 40.5 74.6825
37.5 40.5 85.535
38 40.5 92.9336
38.5 40.5 98.4069
39 40.5 100.516
39.5 40.5 103.195
40 40.5 111.308
40.5 40.5 118.18
41 40.5 126.332
41.5 40.5 136.448
42 40.5 149.996
42.5 40.5 153.282
43 40.5 155.257
43.5 40.5 157.549
44 40.5 165.119
44.5 40.5 173.814
45 40.5 180.404
45.5 40.5 190.431
46 40.5 195.244
46.5 40.5 198.405
47 40.5 199.544
47.5 40.5 195.917
48 40.5 199.844
48.5 40.5 206.433
49 40.5 207.47
49.5 40.5 213.974
50 40.5 217.199
50.5 40.5 222.294
51 40.5 223.574
51.5 40.5 227.394
52 40.5 226.536
52.5 40.5 221.46
53 40.5 220.638
53.5 40.5 213.819
54 40.5 212.604
54.5 40.5 209.289
55 40.5 203.806
55.5 40.5 199.353
56 40.5 198.199
56.5 40.5 197.834
57 40.5 203.789
57.5 40.5 205.859
58 40.5 209.978
58.5 40.5 210.941
59 40.5 208.829
59.5 40.5 212.438
60 40.5 222.262
20 41 343.041
20.5 41 347.908
21 41 348.312
21.5 41 343.051
22 41 331.783
22.5 41 324.211
23 41 320.463
23.5 41 314.47
24 41 309.252
24.5 41 299.791
25 41 285.263
25.5 41 267.844
26 41 254.406
26.5 41 232.951
27 41 223.397
27.5 41 209.56
28 41 197.289
28.5 41 191.884
29 41 179.06
29.5 41 166.487
30 41 158.31
30.5 41 153.258
31 41 141.706
31.5 41 128.669
32 41 116.58
32.5 41 107.077
33 41 97.6429
33.5 41 80.3038
34 41 72.3722
34.5 41 77.2391
35 41 74.4162
35.5 41 70.1593
36 41 64.2983
36.5 41 70.142
37 41 84.7962
37.5 41 87.2029
38 41 95.6675
38.5 41 99.9349
39 41 107.984
39.5 41 117.016
40 41 124.031
40.5 41 125.887
41 41 132.498
41.5 41 145.316
42 41 153.989
42.5 41 158.271
43 41 170.843
43.5 41 175.989
44 41 178.492
44.5 41 180.619
45 41 191.743
45.5 41 194.916
46 41 200.409
46.5 41 200.787
47 41 200.91
47.5 41 199.735
48 41 204.882
48.5 41 213.482
49 41 218.632
49.5 41 225.337
50 41 236.753
50.5 41 240.405
51 41 235.756
51.5 41 238.106
52 41 239.338
52.5 41 232.966
53 41 232.301
53.5 41 231.327
54 41 225.932
54.5 41 219.533
55 41 218.198
55.5 41 204.692
56 41 199.391
56.5 41 203.832
57 41 204.332
57.5 41 207.311
58 41 213.952
58.5 41 216.438
59 41 212.491
59.5 41 213.294
60 41 216.032
20 41.5 338.682
20.5 41.5 339.831
21 41.5 344.658
21.5 41.5 347.048
22 41.5 339.728
22.5 41.5 330.51
23 41.5 321.094
23.5 41.5 313.778
24 41.5 307.154
24.5 41.5 295.93
25 41.5 283.998
25.5 41.5 266.934
26 41.5 242.688
26.5 41.5 227.503
27 41.5 218.544
27.5 41.5 203.974
28 41.5 189.666
28.5 41.5 180.174
29 41.5 174.568
29.5 41.5 165.925
30 41.5 152.703
30.5 41.5 142.661
31 41.5 133.559
31.5 41.5 123.345
32 41.5 116.987
32.5 41.5 108.986
33 41.5 97.0813
33.5 41.5 87.4769
34 41.5 85.888
34.5 41.5 78.2595
35 41.5 80.4398
35.5 41.5 75.7091
36 41.5 68.4918
36.5 41.5 76.8927
37 41.5 83.9864
37.5 41.5 94.0108
38 41.5 103.34
38.5 41.5 107.946
39 41.5 115.087
39.5 41.5 127.155
40 41.5 130.355
40.5 41.5 136.842
41 41.5 143.137
41.5 41.5 151.923
42 41.5 162.405
42.5 41.5 164.345
43 41.5 178.165
43.5 41.5 182
44 41.5 190.431
44.5 41.5 192.708
45 41.5 193.495
45.5 41.5 199.993
46 41.5 198.159
46.5 41.5 204.002
47 41.5 202.073
47.5 41.5 208.265
48 41.5 218.393
48.5 41.5 227.838
49 41.5 234.607
49.5 41.5 242.325
50 41.5 252.354
50.5 41.5 257.265
51 41.5 250.94
51.5 41.5 251.798
52 41.5 253.845
52.5 41.5 245.548
53 41.5 242
53.5 41.5 237.443
54 41.5 233.888
54.5 41.5 229.425
55 41.5 229.855
55.5 41.5 216.125
56 41.5 212.94
56.5 41.5 209.213
57 41.5 207.71
57.5 41.5 215.331
58 41.5 218.194
58.5 41.5 222.653
59 41.5 215.522
59.5 41.5 216.727
60 41.5 219.412
20 42 331.687
20.5 42 338.666
21 42 347.52
21.5 42 345.161
22 42 348.588
22.5 42 335.229
23 42 322.88
23.5 42 314.032
24 42 309.854
24.5 42 292.633
25 42 283.066
25.5 42 257.094
26 42 233.945
26.5 42 223.788
27 42 212.045
27.5 42 191.888
28 42 171.399
28.5 42 175.935
29 42 170.811
29.5 42 158.353
30 42 142.381
30.5 42 138.418
31 42 131.543
31.5 42 122.568
32 42 117.372
32.5 42 108.649
33 42 103.473
33.5 42 93.0423
34 42 89.4165
34.5 42 84.4041
35 42 82.2362
35.5 42 75.3769
36 42 71.7946
36.5 42 73.7543
37 42 79.9043
37.5 42 90.8558
38 42 110.511
38.5 42 114.728
39 42 130.309
39.5 42 130.155
40 42 135.32
40.5 42 144.942
41 42 152.66
41.5 42 158.903
42 42 163.158
42.5 42 171.377
43 42 183.47
43.5 42 193.483
44 42 201.111
44.5 42 198.175
45 42 200.504
45.5 42 203.685
46 42 194.619
46.5 42 202.177
47 42 210.736
47.5 42 221.26
48 42 231.895
48.5 42 240.359
49 42 248.438
49.5 42 260.143
50 42 272.05
50.5 42 268.527
51 42 271.88
51.5 42 267.304
52 42 267.688
52.5 42 265.941
53 42 254.99
53.5 42 256.806
54 42 247.946
54.5 42 244.513
55 42 241.425
55.5 42 228.786
56 42 215.49
56.5 42 216.304
57 42 213.16
57.5 42 222.83
58 42 227.338
58.5 42 225.82
59 42 226.192
59.5 42 223.508
60 42 224.358
20 42.5 337.107
20.5 42.5 335.445
21 42.5 335.915
21.5 42.5 342.49
22 42.5 334.733
22.5 42.5 329.526
23 42.5 326.131
23.5 42.5 316.482
24 42.5 303.486
24.5 42.5 294.93
25 42.5 275.401
25.5 42.5 252.15
26 42.5 232.406
26.5 42.5 214.852
27 42.5 195.088
27.5 42.5 182.277
28 42.5 168.566
28.5 42.5 167.62
29 42.5 165.414
29.5 42.5 153.02
30 42.5 137.405
30.5 42.5 132.732
31 42.5 130.08
31.5 42.5 121.545
32 42.5 110.859
32.5 42.5 100.482
33 42.5 90.7441
33.5 42.5 85.8898
34 42.5 80.1966
34.5 42.5 79.881
35 42.5 78.7704
35.5 42.5 75.8503
36 42.5 73.3488
36.5 42.5 74.2785
37 42.5 80.7827
37.5 42.5 94.8181
38 42.5 102.858
38.5 42.5 115.913
39 42.5 133.302
39.5 42.5 142.228
40 42.5 146.614
40.5 42.5 153.481
41 42.5 156.335
41.5 42.5 167.751
42 42.5 173.162
42.5 42.5 178.345
43 42.5 188.138
43.5 42.5 199.23
44 42.5 205.557
44.5 42.5 211.863
45 42.5 215.227
45.5 42.5 216.723
46 42.5 211.301
46.5 42.5 215.106
47 42.5 222.429
47.5 42.5 227.839
48 42.5 239.479
48.5 42.5 247.641
49 42.5 261.357
49.5 42.5 276.135
50 42.5 281.051
50.5 42.5 288.042
51 42.5 292.641
51.5 42.5 288.454
52 42.5 291.119
52.5 42.5 286.762
53 42.5 280.553
53.5 42.5 270.844
54 42.5 261.563
54.5 42.5 259.33
55 42.5 248.243
55.5 42.5 242.194
56 42.5 233.013
56.5 42.5 231.77
57 42.5 226.416
57.5 42.5 231.2
58 42.5 238.638
58.5 42.5 234.333
59 42.5 233.353
59.5 42.5 236.571
60 42.5 241.876
20 43 340.662
20.5 43 336.806
21 43 334.466
21.5 43 329.358
22 43 327.338
22.5 43 321.966
23 43 322.383
23.5 43 313.446
24 43 305.837
24.5 43 290.74
25 43 265.767
25.5 43 247.656
26 43 220.997
26.5 43 206.203
27 43 183.205
27.5 43 177.401
28 43 159.58
28.5 43 157.707
29 43 156.328
29.5 43 150.41
30 43 136.289
30.5 43 124.094
31 43 119.016
31.5 43 111.219
32 43 102.96
32.5 43 92.4849
33 43 84.4134
33.5 43 85.2911
34 43 79.7664
34.5 43 79.7463
35 43 74.9014
35.5 43 69.837
36 43 75.3184
36.5 43 71.3371
37 43 78.0075
37.5 43 93.4234
38 43 103.442
38.5 43 114.807
39 43 130.964
39.5 43 140.923
40 43 157.29
40.5 43 158.353
41 43 166.861
41.5 43 173.597
42 43 179.868
42.5 43 191.72
43 43 202.354
43.5 43 213.387
44 43 216.073
44.5 43 228.344
45 43 236.804
45.5 43 233.681
46 43 229.181
46.5 43 231.525
47 43 233.923
47.5 43 242.275
48 43 250.131
48.5 43 257.879
49 43 273.965
49.5 43 281.963
50 43 295.495
50.5 43 299.089
51 43 310.756
51.5 43 309.154
52 43 314.099
52.5 43 304.972
53 43 301.387
53.5 43 288.526
54 43 279.583
54.5 43 271.414
55 43 260.901
55.5 43 256.656
56 43 243.25
56.5 43 242.515
57 43 241.454
57.5 43 248.397
58 43 252.433
58.5 43 248.891
59 43 243.591
59.5 43 248.305
60 43 248.6
20 43.5 354.094
20.5 43.5 348.155
21 43.5 336.963
21.5 43.5 324.41
22 43.5 318.442
22.5 43.5 321.476
23 43.5 321.273
23.5 43.5 314.814
24 43.5 300.498
24.5 43.5 284.062
25 43.5 263.348
25.5 43.5 235.943
26 43.5 210.545
26.5 43.5 197.179
27 43.5 182.18
27.5 43.5 173.058
28 43.5 160.145
28.5 43.5 157.205
29 43.5 144.835
29.5 43.5 140.44
30 43.5 131.773
30.5 43.5 120.213
31 43.5 108.373
31.5 43.5 95.1108
32 43.5 84.9266
32.5 43.5 79.4415
33 43.5 84.1771
33.5 43.5 84.2593
34 43.5 76.26
34.5 43.5 77.5741
35 43.5 69.599
35.5 43.5 65.9328
36 43.5 62.5416
36.5 43.5 69.8418
37 43.5 75.4438
37.5 43.5 89.5625
38 43.5 104.897
38.5 43.5 115.977
39 43.5 132.228
39.5 43.5 143.274
40 43.5 156.71
40.5 43.5 166.05
41 43.5 171.206
41.5 43.5 173.567
42 43.5 186.973
42.5 43.5 198.379
43 43.5 208.699
43.5 43.5 223.708
44 43.5 235.14
44.5 43.5 244.023
45 43.5 249.799
45.5 43.5 247.116
46 43.5 248.56
46.5 43.5 246.242
47 43.5 246.807
47.5 43.5 249.005
48 43.5 255.004
48.5 43.5 264.908
49 43.5 274.525
49.5 43.5 283.214
50 43.5 296.01
50.5 43.5 307.674
51 43.5 316.666
51.5 43.5 329.153
52 43.5 338.675
52.5 43.5 328.108
53 43.5 317.685
53.5 43.5 306.228
54 43.5 295.03
54.5 43.5 282.908
55 43.5 271.11
55.5 43.5 265.246
56 43.5 260.99
56.5 43.5 257.778
57 43.5 260.747
57.5 43.5 258.54
58 43.5 268.091
58.5 43.5 267.315
59 43.5 263.302
59.5 43.5 257.967
60 43.5 258.872
20 44 363.622
20.5 44 347.159
21 44 341.067
21.5 44 322.66
22 44 310.898
22.5 44 315.023
23 44 315.327
23.5 44 307.511
24 44 303.171
24.5 44 275.28
25 44 258.943
25.5 44 227.61
26 44 203.998
26.5 44 192.876
27 44 179.971
27.5 44 175.51
28 44 160.187
28.5 44 154.995
29 44 139.508
29.5 44 133.101
30 44 131.204
30.5 44 117.836
31 44 93.568
31.5 44 83.4908
32 44 65.2164
32.5 44 70.9069
33 44 80.0795
33.5 44 76.9464
34 44 79.6736
34.5 44 75.6293
35 44 60.5248
35.5 44 58.2743
36 44 53.4435
36.5 44 72.4679
37 44 78.6332
37.5 44 92.7463
38 44 103.568
38.5 44 117.515
39 44 128.581
39.5 44 143.658
40 44 160.411
40.5 44 166.299
41 44 166.744
41.5 44 180.344
42 44 192.214
42.5 44 203.668
43 44 222.569
43.5 44 235.412
44 44 257.185
44.5 44 260.301
45 44 265.79
45.5 44 264.602
46 44 268.224
46.5 44 266.18
47 44 263.663
47.5 44 267.847
48 44 260.576
48.5 44 273.755
49 44 279.896
49.5 44 293.338
50 44 295.363
50.5 44 314.457
51 44 330.836
51.5 44 351.043
52 44 375.931
52.5 44 348
53 44 334.407
53.5 44 319.565
54 44 307.317
54.5 44 298.88
55 44 288.931
55.5 44 279.513
56 44 264.41
56.5 44 273.665
57 44 271.121
57.5 44 278.152
58 44 281.228
58.5 44 278.272
59 44 276.631
59.5 44 270.254
60 44 267.933
20 44.5 341.314
20.5 44.5 337.501
21 44.5 330.427
21.5 44.5 320.719
22 44.5 311.922
22.5 44.5 307.05
23 44.5 301.593
23.5 44.5 298.964
24 44.5 283.893
24.5 44.5 267.291
25 44.5 248.687
25.5 44.5 226.507
26 44.5 203.113
26.5 44.5 192.666
27 44.5 179.781
27.5 44.5 175.365
28 44.5 161.157
28.5 44.5 151.837
29 44.5 141.862
29.5 44.5 133.457
30 44.5 125.865
30.5 44.5 113.39
31 44.5 93.7004
31.5 44.5 79.516
32 44.5 74.0457
32.5 44.5 72.8354
33 44.5 77.6918
33.5 44.5 76.8591
34 44.5 74.2686
34.5 44.5 71.1974
35 44.5 65.3803
35.5 44.5 62.0541
36 44.5 69.8007
36.5 44.5 76.6909
37 44.5 84.5286
37.5 44.5 100.363
38 44.5 109.631
38.5 44.5 126.524
39 44.5 135.378
39.5 44.5 153.287
40 44.5 162.671
40.5 44.5 168.928
41 44.5 175.649
41.5 44.5 185.836
42 44.5 194.206
42.5 44.5 208.506
43 44.5 224.996
43.5 44.5 238.228
44 44.5 255.951
44.5 44.5 263.238
45 44.5 268.646
45.5 44.5 266.364
46 44.5 268.048
46.5 44.5 276.197
47 44.5 279.552
47.5 44.5 282.742
48 44.5 281.253
48.5 44.5 285.82
49 44.5 296.988
49.5 44.5 304.786
50 44.5 312.459
50.5 44.5 331.155
51 44.5 347.723
51.5 44.5 357.318
52 44.5 369.551
52.5 44.5 366.788
53 44.5 358.762
53.5 44.5 343.683
54 44.5 330.922
54.5 44.5 313.566
55 44.5 304.352
55.5 44.5 299.067
56 44.5 288.952
56.5 44.5 287.515
57 44.5 286.463
57.5 44.5 292.218
58 44.5 291.873
58.5 44.5 292.224
59 44.5 284.433
59.5 44.5 285.297
60 44.5 282.825
20 45 328.671
20.5 45 324.064
21 45 326.892
21.5 45 310.572
22 45 299.581
22.5 45 296.773
23 45 291.644
23.5 45 281.198
24 45 277.243
24.5 45 260.098
25 45 245.729
25.5 45 217.403
26 45 199.29
26.5 45 187.697
27 45 182.036
27.5 45 173.379
28 45 165.296
28.5 45 148.999
29 45 137.208
29.5 45 133.853
30 45 126.532
30.5 45 111.335
31 45 93.0761
31.5 45 79.9979
32 45 73.1051
32.5 45 71.0669
33 45 81.0175
33.5 45 75.682
34 45 72.1685
34.5 45 74.578
35 45 69.6109
35.5 45 69.3447
36 45 76.254
36.5 45 82.1807
37 45 89.8917
37.5 45 100.585
38 45 120.46
38.5 45 129.64
39 45 142.934
39.5 45 156.216
40 45 171.694
40.5 45 175.488
41 45 182.698
41.5 45 193.954
42 45 203.374
42.5 45 214.806
43 45 221.491
43.5 45 237.478
44 45 255.877
44.5 45 259.113
45 45 267.408
45.5 45 275.762
46 45 275.615
46.5 45 283.465
47 45 292.245
47.5 45 296.734
48 45 299.367
48.5 45 308.955
49 45 317.567
49.5 45 321.275
50 45 328.35
50.5 45 341.111
51 45 356.945
51.5 45 370.902
52 45 378.608
52.5 45 375.801
53 45 374.182
53.5 45 357.925
54 45 349.519
54.5 45 331.711
55 45 323.036
55.5 45 316.067
56 45 309.999
56.5 45 307.091
57 45 308.104
57.5 45 308.66
58 45 307.051
58.5 45 305.136
59 45 293.212
59.5 45 294.218
60 45 291.86
20 45.5 318.604
20.5 45.5 316.8
21 45.5 310.801
21.5 45.5 305.715
22 45.5 297.416
22.5 45.5 292.704
23 45.5 284.781
23.5 45.5 271.826
24 45.5 264.549
24.5 45.5 248.082
25 45.5 228.966
25.5 45.5 211.516
26 45.5 200.321
26.5 45.5 186.688
27 45.5 181.749
27.5 45.5 173.461
28 45.5 162.304
28.5 45.5 150.705
29 45.5 137.952
29.5 45.5 131.08
30 45.5 120.722
30.5 45.5 106.473
31 45.5 96.5392
31.5 45.5 83.7754
32 45.5 71.6862
32.5 45.5 73.0063
33 45.5 76.2868
33.5 45.5 72.9431
34 45.5 67.8016
34.5 45.5 72.4682
35 45.5 72.7743
35.5 45.5 75.4852
36 45.5 84.1123
36.5 45.5 90.7467
37 45.5 98.4073
37.5 45.5 105.997
38 45.5 115.63
38.5 45.5 133.718
39 45.5 146.76
39.5 45.5 156.659
40 45.5 165.917
40.5 45.5 178.086
41 45.5 179.662
41.5 45.5 191.319
42 45.5 196.647
42.5 45.5 210.166
43 45.5 218.255
43.5 45.5 234.433
44 45.5 246.186
44.5 45.5 258.533
45 45.5 270.135
45.5 45.5 282.33
46 45.5 289.965
46.5 45.5 299.284
47 45.5 307.146
47.5 45.5 309.897
48 45.5 317.911
48.5 45.5 327.585
49 45.5 338.199
49.5 45.5 341.528
50 45.5 348.918
50.5 45.5 356.64
51 45.5 371.852
51.5 45.5 380.869
52 45.5 393.589
52.5 45.5 391.653
53 45.5 380.503
53.5 45.5 374.011
54 45.5 366.898
54.5 45.5 355.957
55 45.5 345.831
55.5 45.5 329.295
56 45.5 324.742
56.5 45.5 315.096
57 45.5 310.929
57.5 45.5 313.23
58 45.5 315.597
58.5 45.5 314.977
59 45.5 313.119
59.5 45.5 313.441
60 45.5 310.78
20 46 312.711
20.5 46 308.367
21 46 304.333
21.5 46 299.854
22 46 299.674
22.5 46 286.573
23 46 278.927
23.5 46 263.283
24 46 251.293
24.5 46 238.647
25 46 221.951
25.5 46 204.63
26 46 190.745
26.5 46 188.184
27 46 182.364
27.5 46 175.199
28 46 164.133
28.5 46 142.945
29 46 133.408
29.5 46 128.846
30 46 118.936
30.5 46 104.173
31 46 102.303
31.5 46 80.8022
32 46 72.6893
32.5 46 68.9264
33 46 66.6854
33.5 46 70.7376
34 46 69.4044
34.5 46 75.4177
35 46 68.6042
35.5 46 82.6338
36 46 91.2377
36.5 46 93.608
37 46 99.518
37.5 46 109.862
38 46 116.547
38.5 46 128.277
39 46 142.853
39.5 46 151.124
40 46 165.56
40.5 46 171.098
41 46 180.026
41.5 46 193.032
42 46 194.92
42.5 46 207.221
43 46 219.474
43.5 46 234.829
44 46 244.011
44.5 46 264.52
45 46 273.178
45.5 46 291.003
46 46 311.278
46.5 46 313.747
47 46 313.784
47.5 46 326.657
48 46 340.447
48.5 46 346.507
49 46 352.986
49.5 46 357.983
50 46 354.862
50.5 46 369.108
51 46 385.928
51.5 46 395.698
52 46 412.855
52.5 46 402.094
53 46 397.161
53.5 46 387.285
54 46 375.772
54.5 46 370.418
55 46 359.76
55.5 46 347.431
56 46 329.128
56.5 46 330.741
57 46 323.411
57.5 46 327.224
58 46 324.87
58.5 46 325.047
59 46 326.672
59.5 46 330.604
60 46 331.134
20 46.5 306.709
20.5 46.5 304.329
21 46.5 305.707
21.5 46.5 298.454
22 46.5 298.038
22.5 46.5 290.503
23 46.5 280.546
23.5 46.5 263.895
24 46.5 247.17
24.5 46.5 236.085
25 46.5 220.975
25.5 46.5 208.595
26 46.5 196.302
26.5 46.5 183.565
27 46.5 179.157
27.5 46.5 168.28
28 46.5 156.212
28.5 46.5 137.448
29 46.5 124.009
29.5 46.5 117.592
30 46.5 108.621
30.5 46.5 101.625
31 46.5 93.8559
31.5 46.5 80.7373
32 46.5 75.3009
32.5 46.5 66.1226
33 46.5 62.7435
33.5 46.5 67.0393
34 46.5 73.7136
34.5 46.5 75.0431
35 46.5 80.4258
35.5 46.5 89.6388
36 46.5 101.963
36.5 46.5 105.076
37 46.5 111.548
37.5 46.5 114.755
38 46.5 120.956
38.5 46.5 131.531
39 46.5 144.222
39.5 46.5 149.095
40 46.5 161.668
40.5 46.5 169.361
41 46.5 183.226
41.5 46.5 191.246
42 46.5 205.643
42.5 46.5 212.379
43 46.5 226.371
43.5 46.5 237.993
44 46.5 248.377
44.5 46.5 266.119
45 46.5 285.267
45.5 46.5 297.842
46 46.5 307.721
46.5 46.5 318.678
47 46.5 325.32
47.5 46.5 337.537
48 46.5 349.788
48.5 46.5 356.135
49 46.5 367.569
49.5 46.5 367.95
50 46.5 378.917
50.5 46.5 392.108
51 46.5 398.841
51.5 46.5 414.8
52 46.5 414.473
52.5 46.5 414.447
53 46.5 409.159
53.5 46.5 399.379
54 46.5 391.56
54.5 46.5 381.059
55 46.5 370.703
55.5 46.5 357.872
56 46.5 354.748
56.5 46.5 346.632
57 46.5 343.873
57.5 46.5 336.697
58 46.5 334.599
58.5 46.5 339.741
59 46.5 343.171
59.5 46.5 342.806
60 46.5 341.017
20 47 308.188
20.5 47 303.55
21 47 304.088
21.5 47 300.241
22 47 294.857
22.5 47 288.221
23 47 275.141
23.5 47 262.465
24 47 249.974
24.5 47 233.713
25 47 226.77
25.5 47 207.356
26 47 202.717
26.5 47 181.036
27 47 170.562
27.5 47 155.762
28 47 143.146
28.5 47 125.106
29 47 115.709
29.5 47 107.839
30 47 104.593
30.5 47 97.9594
31 47 88.396
31.5 47 81.0062
32 47 70.1997
32.5 47 66.4091
33 47 63.6355
33.5 47 64.1368
34 47 69.4627
34.5 47 72.9979
35 47 80.5354
35.5 47 94.708
36 47 107.844
36.5 47 108.471
37 47 117.262
37.5 47 126.685
38 47 136.144
38.5 47 138.092
39 47 142.524
39.5 47 150.441
40 47 159.454
40.5 47 177.345
41 47 188.466
41.5 47 197.934
42 47 207.962
42.5 47 219.179
43 47 233.05
43.5 47 244.027
44 47 255.169
44.5 47 277.609
45 47 292.164
45.5 47 303.835
46 47 316.161
46.5 47 327.729
47 47 340.021
47.5 47 348.805
48 47 368.903
48.5 47 369.537
49 47 377.261
49.5 47 383.518
50 47 402.106
50.5 47 409.329
51 47 413.211
51.5 47 424.717
52 47 432.07
52.5 47 426.575
53 47 424.656
53.5 47 413.462
54 47 398.598
54.5 47 386.879
55 47 375.674
55.5 47 374.446
56 47 376.329
56.5 47 366.337
57 47 357.195
57.5 47 353.052
58 47 349.795
58.5 47 353.535
59 47 355.827
59.5 47 350.798
60 47 346.504
20 47.5 300.539
20.5 47.5 302.048
21 47.5 301.813
21.5 47.5 295.781
22 47.5 288.014
22.5 47.5 283.921
23 47.5 274.994
23.5 47.5 261.459
24 47.5 247.919
24.5 47.5 229.973
25 47.5 219.911
25.5 47.5 207.284
26 47.5 194.392
26.5 47.5 177.623
27 47.5 161.955
27.5 47.5 146.133
28 47.5 132.031
28.5 47.5 117.906
29 47.5 108.66
29.5 47.5 106.534
30 47.5 96.2726
30.5 47.5 90.9779
31 47.5 81.6201
31.5 47.5 77.0491
32 47.5 70.0126
32.5 47.5 62.1311
33 47.5 64.8708
33.5 47.5 65.1808
34 47.5 65.9328
34.5 47.5 75.2122
35 47.5 83.5716
35.5 47.5 96.0423
36 47.5 109.182
36.5 47.5 118.538
37 47.5 127.09
37.5 47.5 130.355
38 47.5 138.683
38.5 47.5 138.158
39 47.5 143.492
39.5 47.5 159.706
40 47.5 171.829
40.5 47.5 182.814
41 47.5 190.721
41.5 47.5 201.239
42 47.5 212.22
42.5 47.5 219.227
43 47.5 233.834
43.5 47.5 251.449
44 47.5 264.425
44.5 47.5 282.725
45 47.5 296.536
45.5 47.5 312.507
46 47.5 325.264
46.5 47.5 337.094
47 47.5 349.042
47.5 47.5 362.875
48 47.5 380.843
48.5 47.5 390.546
49 47.5 391.712
49.5 47.5 402.163
50 47.5 414.325
50.5 47.5 422.928
51 47.5 435.375
51.5 47.5 442.648
52 47.5 443.496
52.5 47.5 443.121
53 47.5 438.114
53.5 47.5 425.061
54 47.5 410.545
54.5 47.5 395.655
55 47.5 390.786
55.5 47.5 394.002
56 47.5 393.595
56.5 47.5 377.957
57 47.5 367.9
57.5 47.5 366.222
58 47.5 365.258
58.5 47.5 363.061
59 47.5 356.117
59.5 47.5 354.822
60 47.5 350.622
20 48 300.536
20.5 48 301.802
21 48 304.117
21.5 48 297.017
22 48 290.88
22.5 48 279.344
23 48 274.96
23.5 48 257.881
24 48 239.755
24.5 48 226.302
25 48 212.652
25.5 48 203.818
26 48 190.749
26.5 48 178.095
27 48 152.156
27.5 48 139.002
28 48 109.761
28.5 48 113.364
29 48 104.861
29.5 48 99.3219
30 48 86.6687
30.5 48 88.5005
31 48 74.9475
31.5 48 75.5316
32 48 65.7229
32.5 48 67.2171
33 48 60.4062
33.5 48 60.8921
34 48 55.8647
34.5 48 72.9027
35 48 80.0683
35.5 48 97.345
36 48 111.619
36.5 48 117.09
37 48 127.293
37.5 48 130.277
38 48 141.092
38.5 48 142.465
39 48 148.028
39.5 48 163.329
40 48 176.293
40.5 48 185.312
41 48 198.29
41.5 48 210.287
42 48 218.164
42.5 48 224.748
43 48 232.909
43.5 48 254.966
44 48 269.619
44.5 48 285.491
45 48 302.636
45.5 48 314.109
46 48 337.089
46.5 48 347.021
47 48 358.936
47.5 48 375.405
48 48 397.2
48.5 48 401.756
49 48 406.415
49.5 48 414.452
50 48 434.687
50.5 48 444.583
51 48 454.468
51.5 48 456.906
52 48 471.006
52.5 48 457.627
53 48 449.279
53.5 48 434.347
54 48 418.047
54.5 48 409.028
55 48 403.337
55.5 48 406.085
56 48 412.738
56.5 48 394.9
57 48 376.011
57.5 48 379.591
58 48 379.633
58.5 48 367.727
59 48 358.178
59.5 48 355.296
60 48 364.047
20 48.5 305.539
20.5 48.5 304.088
21 48.5 303.301
21.5 48.5 302.134
22 48.5 291.077
22.5 48.5 277.916
23 48.5 267.149
23.5 48.5 252.553
24 48.5 241.973
24.5 48.5 230.187
25 48.5 219.645
25.5 48.5 210.294
26 48.5 195.401
26.5 48.5 179.794
27 48.5 158.543
27.5 48.5 139.145
28 48.5 124.103
28.5 48.5 112.225
29 48.5 108.31
29.5 48.5 97.1268
30 48.5 89.1156
30.5 48.5 88.3119
31 48.5 83.78
31.5 48.5 77.5226
32 48.5 68.8486
32.5 48.5 65.4248
33 48.5 61.783
33.5 48.5 65.1194
34 48.5 62.8591
34.5 48.5 74.4615
35 48.5 79.8896
35.5 48.5 91.1707
36 48.5 100.096
36.5 48.5 112.22
37 48.5 123.632
37.5 48.5 134.257
38 48.5 133.099
38.5 48.5 141.401
39 48.5 147.578
39.5 48.5 162.438
40 48.5 171.223
40.5 48.5 181.735
41 48.5 193.703
41.5 48.5 208.104
42 48.5 216.204
42.5 48.5 225.36
43 48.5 235.792
43.5 48.5 252.612
44 48.5 269.118
44.5 48.5 284.725
45 48.5 301.321
45.5 48.5 315.127
46 48.5 330.394
46.5 48.5 349.539
47 48.5 364.833
47.5 48.5 382.054
48 48.5 392.406
48.5 48.5 402.046
49 48.5 417.356
49.5 48.5 430.71
50 48.5 438.88
50.5 48.5 455.116
51 48.5 461.414
51.5 48.5 470.326
52 48.5 477.073
52.5 48.5 472.157
53 48.5 461.007
53.5 48.5 450.903
54 48.5 439.121
54.5 48.5 424.696
55 48.5 424.15
55.5 48.5 418.348
56 48.5 414.309
56.5 48.5 399.959
57 48.5 387.7
57.5 48.5 382.788
58 48.5 377.254
58.5 48.5 375.95
59 48.5 363.919
59.5 48.5 359.108
60 48.5 360.312
20 49 312.388
20.5 49 310.504
21 49 308.295
21.5 49 303.385
22 49 297.375
22.5 49 283.204
23 49 260.978
23.5 49 255.514
24 49 240.939
24.5 49 232.484
25 49 225.001
25.5 49 215.345
26 49 198.833
26.5 49 181.155
27 49 162.658
27.5 49 146.082
28 49 131.438
28.5 49 116.155
29 49 111.144
29.5 49 103.03
30 49 100.333
30.5 49 87.9056
31 49 85.0982
31.5 49 80.6557
32 49 78.5359
32.5 49 71.7505
33 49 68.1986
33.5 49 67.4361
34 49 70.4462
34.5 49 68.353
35 49 79.4239
35.5 49 83.5416
36 49 90.7578
36.5 49 103.499
37 49 121.485
37.5 49 128.133
38 49 130.932
38.5 49 134.817
39 49 145.313
39.5 49 161.167
40 49 164.698
40.5 49 183.741
41 49 201.131
41.5 49 206.439
42 49 222.547
42.5 49 227.758
43 49 236.605
43.5 49 249.528
44 49 263.352
44.5 49 284.141
45 49 295.612
45.5 49 314.216
46 49 325.746
46.5 49 350.393
47 49 369.475
47.5 49 385.118
48 49 394.929
48.5 49 413.283
49 49 422.12
49.5 49 437.861
50 49 443.501
50.5 49 461.978
51 49 476.138
51.5 49 483.15
52 49 491.809
52.5 49 481.869
53 49 476.482
53.5 49 459.356
54 49 449.356
54.5 49 438.161
55 49 439.56
55.5 49 429.432
56 49 415.266
56.5 49 402.77
57 49 391.807
57.5 49 383.309
58 49 384.165
58.5 49 377.207
59 49 370.294
59.5 49 356.058
60 49 358.022
20 49.5 320.325
20.5 49.5 318.508
21 49.5 317.496
21.5 49.5 309.588
22 49.5 301.011
22.5 49.5 283.401
23 49.5 266.417
23.5 49.5 253.915
24 49.5 239.519
24.5 49.5 232.96
25 49.5 220.535
25.5 49.5 210.968
26 49.5 200.668
26.5 49.5 180.428
27 49.5 165.849
27.5 49.5 152.966
28 49.5 141.211
28.5 49.5 123.61
29 49.5 112.503
29.5 49.5 98.2895
30 49.5 90.3834
30.5 49.5 81.835
31 49.5 80.9034
31.5 49.5 80.9756
32 49.5 75.3156
32.5 49.5 67.4469
33 49.5 62.3204
33.5 49.5 66.6719
34 49.5 63.9652
34.5 49.5 64.606
35 49.5 75.1513
35.5 49.5 81.2966
36 49.5 88.0527
36.5 49.5 96.9349
37 49.5 109.382
37.5 49.5 124.653
38 49.5 129.546
38.5 49.5 133.993
39 49.5 146.244
39.5 49.5 157.771
40 49.5 167.253
40.5 49.5 180.923
41 49.5 189.193
41.5 49.5 204.216
42 49.5 213.903
42.5 49.5 226.73
43 49.5 232.234
43.5 49.5 247.488
44 49.5 262.516
44.5 49.5 282.655
45 49.5 294.934
45.5 49.5 309.858
46 49.5 326.974
46.5 49.5 352.386
47 49.5 372.616
47.5 49.5 387.734
48 49.5 400.543
48.5 49.5 419.385
49 49.5 433.656
49.5 49.5 450.526
50 49.5 465.565
50.5 49.5 476.323
51 49.5 487.891
51.5 49.5 496.435
52 49.5 503.797
52.5 49.5 499.71
53 49.5 487.839
53.5 49.5 475.033
54 49.5 460.67
54.5 49.5 452.355
55 49.5 446.154
55.5 49.5 434.051
56 49.5 421.66
56.5 49.5 410.884
57 49.5 401.012
57.5 49.5 389.731
58 49.5 379.163
58.5 49.5 373.298
59 49.5 365.468
59.5 49.5 350.514
60 49.5 344.163
20 50 332.197
20.5 50 328.555
21 50 324.791
21.5 50 312.035
22 50 306.297
22.5 50 280.658
23 50 262.972
23.5 50 254.172
24 50 242.743
24.5 50 233.554
25 50 227.513
25.5 50 207.059
26 50 198.397
26.5 50 185.57
27 50 166.967
27.5 50 156.466
28 50 143.517
28.5 50 126.298
29 50 104.021
29.5 50 98.5353
30 50 81.0623
30.5 50 75.5977
31 50 73.7807
31.5 50 75.8036
32 50 77.0484
32.5 50 69.2546
33 50 60.7041
33.5 50 56.7383
34 50 57.7849
34.5 50 57.9345
35 50 61.8458
35.5 50 75.1447
36 50 80.9889
36.5 50 93.3973
37 50 110.317
37.5 50 117.832
38 50 127.568
38.5 50 129.396
39 50 139.491
39.5 50 151.005
40 50 171.096
40.5 50 173.675
41 50 181.396
41.5 50 194.798
42 50 210.506
42.5 50 219.051
43 50 226.116
43.5 50 248.83
44 50 270.244
44.5 50 281.411
45 50 291.677
45.5 50 312.208
46 50 336.116
46.5 50 353.581
47 50 376.884
47.5 50 396.689
48 50 416.162
48.5 50 428.178
49 50 448.774
49.5 50 462.703
50 50 477.853
50.5 50 485.226
51 50 499.727
51.5 50 510.122
52 50 513.759
52.5 50 506.336
53 50 502.404
53.5 50 485.103
54 50 474.63
54.5 50 465.272
55 50 451.145
55.5 50 440.164
56 50 426.615
56.5 50 416.305
57 50 401.006
57.5 50 387.402
58 50 377.162
58.5 50 367.91
59 50 355.8
59.5 50 347.027
60 50 327.402
