# x(m) y(m) ele(m) obs-val(mGal|Eo) obs-dev(mGal|Eo)
10 10 0 0.0169813512530633 0
30 10 0 0.01793271772386806 0
50 10 0 0.01893059895240819 0
70 10 0 0.01997453503545657 0
90 10 0 0.02106338362021238 0
110 10 0 0.02219519749519275 0
130 10 0 0.02336709716654254 0
150 10 0 0.02457514289324852 0
170 10 0 0.02581421221029529 0
190 10 0 0.02707789061056417 0
210 10 0 0.02835838464093576 0
230 10 0 0.02964646799529917 0
250 10 0 0.03093147200610993 0
270 10 0 0.03220133196373012 0
290 10 0 0.03344269964545957 0
310 10 0 0.03464113008663023 0
330 10 0 0.03578134685930859 0
350 10 0 0.03684758500452102 0
370 10 0 0.03782400457043356 0
390 10 0 0.03869516095671619 0
410 10 0 0.0394465116611671 0
430 10 0 0.04006493339098564 0
450 10 0 0.04053921964397855 0
470 10 0 0.04086052745215198 0
490 10 0 0.04102274340753315 0
510 10 0 0.04102274340753465 0
530 10 0 0.04086052745213981 0
550 10 0 0.04053921964393907 0
570 10 0 0.04006493339097197 0
590 10 0 0.0394465116611337 0
610 10 0 0.03869516095668283 0
630 10 0 0.0378240045704169 0
650 10 0 0.03684758500448386 0
670 10 0 0.03578134685928508 0
690 10 0 0.03464113008661127 0
710 10 0 0.03344269964543604 0
730 10 0 0.0322013319636918 0
750 10 0 0.03093147200610687 0
770 10 0 0.02964646799530447 0
790 10 0 0.02835838464093843 0
810 10 0 0.02707789061056078 0
830 10 0 0.02581421221030519 0
850 10 0 0.02457514289324627 0
870 10 0 0.02336709716651335 0
890 10 0 0.02219519749518708 0
910 10 0 0.02106338362022187 0
930 10 0 0.0199745350354581 0
950 10 0 0.01893059895241922 0
970 10 0 0.01793271772384871 0
990 10 0 0.01698135125307697 0
10 30 0 0.01793271772386805 0
30 30 0 0.01897618173643286 0
50 30 0 0.02007443968691628 0
70 30 0 0.02122746394721376 0
90 30 0 0.02243447434206193 0
110 30 0 0.02369378621250986 0
130 30 0 0.02500264874229907 0
150 30 0 0.02635707845254603 0
170 30 0 0.02775169485155586 0
190 30 0 0.02917956751932986 0
210 30 0 0.03063208624530328 0
230 30 0 0.03209886796453758 0
250 30 0 0.03356771580723684 0
270 30 0 0.03502464617664586 0
290 30 0 0.03645399896249114 0
310 30 0 0.03783864339375422 0
330 30 0 0.03916028739114534 0
350 30 0 0.04039989159763 0
370 30 0 0.04153818086823455 0
390 30 0 0.04255623658092796 0
410 30 0 0.04343614368722226 0
430 30 0 0.0441616581659237 0
450 30 0 0.04471885468623672 0
470 30 0 0.04509671184491487 0
490 30 0 0.04528759393468149 0
510 30 0 0.04528759393467847 0
530 30 0 0.04509671184492701 0
550 30 0 0.04471885468622755 0
570 30 0 0.04416165816588725 0
590 30 0 0.04343614368719794 0
610 30 0 0.04255623658089152 0
630 30 0 0.04153818086820874 0
650 30 0 0.04039989159760191 0
670 30 0 0.03916028739112106 0
690 30 0 0.03783864339371405 0
710 30 0 0.03645399896245664 0
730 30 0 0.03502464617660456 0
750 30 0 0.03356771580720309 0
770 30 0 0.03209886796454629 0
790 30 0 0.03063208624531541 0
810 30 0 0.02917956751933101 0
830 30 0 0.0277516948515589 0
850 30 0 0.02635707845253845 0
870 30 0 0.0250026487423116 0
890 30 0 0.02369378621252694 0
910 30 0 0.02243447434206876 0
930 30 0 0.02122746394721681 0
950 30 0 0.02007443968692236 0
970 30 0 0.01897618173642985 0
990 30 0 0.0179327177238381 0
10 50 0 0.01893059895240213 0
30 50 0 0.02007443968691629 0
50 50 0 0.0212826330200633 0
70 50 0 0.02255573589065119 0
90 50 0 0.02389348615997304 0
110 50 0 0.02529461584233934 0
130 50 0 0.02675664801421265 0
150 50 0 0.02827568253806058 0
170 50 0 0.02984617846355969 0
190 50 0 0.03146074410847487 0
210 50 0 0.03310994919038394 0
230 50 0 0.03478217665535878 0
250 50 0 0.03646353457304344 0
270 50 0 0.0381378500450199 0
290 50 0 0.0397867668425337 0
310 50 0 0.04138996580899314 0
330 50 0 0.04292552146570128 0
350 50 0 0.04437039960771531 0
370 50 0 0.04570108932232552 0
390 50 0 0.04689434971070556 0
410 50 0 0.04792803807409653 0
430 50 0 0.04878197421658585 0
450 50 0 0.04943878665022165 0
470 50 0 0.04988468241849298 0
490 50 0 0.05011008394390698 0
510 50 0 0.05011008394390243 0
530 50 0 0.04988468241847929 0
550 50 0 0.04943878665021247 0
570 50 0 0.04878197421656909 0
590 50 0 0.04792803807406765 0
610 50 0 0.04689434971067141 0
630 50 0 0.04570108932229439 0
650 50 0 0.04437039960769404 0
670 50 0 0.04292552146568078 0
690 50 0 0.04138996580896089 0
710 50 0 0.03978676684250978 0
730 50 0 0.03813785004501002 0
750 50 0 0.03646353457301989 0
770 50 0 0.03478217665535003 0
790 50 0 0.03310994919038698 0
810 50 0 0.03146074410848283 0
830 50 0 0.02984617846357107 0
850 50 0 0.02827568253806286 0
870 50 0 0.02675664801421757 0
890 50 0 0.02529461584234994 0
910 50 0 0.02389348615997832 0
930 50 0 0.02255573589065154 0
950 50 0 0.02128263302006516 0
970 50 0 0.02007443968692082 0
990 50 0 0.01893059895241919 0
10 70 0 0.01997453503545658 0
30 70 0 0.02122746394721378 0
50 70 0 0.02255573589065119 0
70 70 0 0.02396067949873123 0
90 70 0 0.02544274630463563 0
110 70 0 0.02700128351356041 0
130 70 0 0.02863428150521189 0
150 70 0 0.03033810107010724 0
170 70 0 0.03210718887835481 0
190 70 0 0.03393379389255666 0
210 70 0 0.03580770217834173 0
230 70 0 0.03771601245911068 0
250 70 0 0.03964297920653839 0
270 70 0 0.04156995323041493 0
290 70 0 0.04347545063293245 0
310 70 0 0.04533537860540495 0
330 70 0 0.04712344001254623 0
350 70 0 0.04881172764066619 0
370 70 0 0.05037150368045155 0
390 70 0 0.05177414165480559 0
410 70 0 0.05299218861524186 0
430 70 0 0.05400048765150126 0
450 70 0 0.05477728736999431 0
470 70 0 0.0553052583815526 0
490 70 0 0.05557233848914645 0
510 70 0 0.05557233848914947 0
530 70 0 0.0553052583815571 0
550 70 0 0.05477728736997449 0
570 70 0 0.05400048765147078 0
590 70 0 0.05299218861520232 0
610 70 0 0.05177414165477139 0
630 70 0 0.05037150368042113 0
650 70 0 0.04881172764063806 0
670 70 0 0.04712344001252119 0
690 70 0 0.04533537860538372 0
710 70 0 0.04347545063290401 0
730 70 0 0.04156995323038346 0
750 70 0 0.03964297920653235 0
770 70 0 0.03771601245909515 0
790 70 0 0.03580770217835577 0
810 70 0 0.03393379389255965 0
830 70 0 0.0321071888783582 0
850 70 0 0.03033810107011293 0
870 70 0 0.02863428150521114 0
890 70 0 0.0270012835135566 0
910 70 0 0.0254427463046413 0
930 70 0 0.02396067949873385 0
950 70 0 0.02255573589064887 0
970 70 0 0.02122746394723005 0
990 70 0 0.01997453503544784 0
10 90 0 0.02106338362021239 0
30 90 0 0.02243447434205588 0
50 90 0 0.02389348615997304 0
70 90 0 0.02544274630463562 0
90 90 0 0.02708366201175599 0
110 90 0 0.0288164471579814 0
130 90 0 0.03063981174832058 0
150 90 0 0.03255061853532994 0
170 90 0 0.03454351542663002 0
190 90 0 0.03661055786476618 0
210 90 0 0.0387408418931939 0
230 90 0 0.04092017574192655 0
250 90 0 0.04313082472390525 0
270 90 0 0.0453513699041906 0
290 90 0 0.04755672393717737 0
310 90 0 0.04971834604913063 0
330 90 0 0.05180469090692905 0
350 90 0 0.05378191217017055 0
370 90 0 0.05561482099820707 0
390 90 0 0.0572680741623183 0
410 90 0 0.05870753857491727 0
430 90 0 0.05990175291274104 0
450 90 0 0.06082338683188057 0
470 90 0 0.06145058772302769 0
490 90 0 0.06176810633133411 0
510 90 0 0.06176810633132347 0
530 90 0 0.06145058772301554 0
550 90 0 0.06082338683186687 0
570 90 0 0.05990175291270988 0
590 90 0 0.05870753857488537 0
610 90 0 0.05726807416227656 0
630 90 0 0.05561482099816382 0
650 90 0 0.05378191217015539 0
670 90 0 0.05180469090690633 0
690 90 0 0.04971834604912195 0
710 90 0 0.04755672393718499 0
730 90 0 0.04535136990417281 0
750 90 0 0.04313082472391327 0
770 90 0 0.04092017574192851 0
790 90 0 0.03874084189320649 0
810 90 0 0.0366105578647875 0
830 90 0 0.03454351542664488 0
850 90 0 0.03255061853533036 0
870 90 0 0.0306398117483274 0
890 90 0 0.02881644715798483 0
910 90 0 0.02708366201173854 0
930 90 0 0.02544274630463753 0
950 90 0 0.02389348615996202 0
970 90 0 0.0224344743420676 0
990 90 0 0.0210633836202135 0
10 110 0 0.02219519749519277 0
30 110 0 0.02369378621250986 0
50 110 0 0.02529461584233932 0
70 110 0 0.02700128351356038 0
90 110 0 0.0288164471579814 0
110 110 0 0.03074150069033779 0
130 110 0 0.03277619662033839 0
150 110 0 0.03491821876592301 0
170 110 0 0.03716271305588406 0
190 110 0 0.03950179148785234 0
210 110 0 0.04192403309887329 0
230 110 0 0.04441401591249507 0
250 110 0 0.04695192436009559 0
270 110 0 0.0495132861549925 0
290 110 0 0.05206889894653968 0
310 110 0 0.05458500782046105 0
330 110 0 0.0570237873800719 0
350 110 0 0.05934416496856949 0
370 110 0 0.06150299426098084 0
390 110 0 0.06345655274223401 0
410 110 0 0.06516229656228852 0
430 110 0 0.0665807677939823 0
450 110 0 0.06767751875284297 0
470 110 0 0.06842490146931876 0
490 110 0 0.06880357114915661 0
510 110 0 0.06880357114916419 0
530 110 0 0.06842490146932638 0
550 110 0 0.06767751875283233 0
570 110 0 0.06658076779395034 0
590 110 0 0.06516229656226419 0
610 110 0 0.06345655274219834 0
630 110 0 0.06150299426094633 0
650 110 0 0.05934416496855813 0
670 110 0 0.0570237873800617 0
690 110 0 0.05458500782045426 0
710 110 0 0.05206889894652913 0
730 110 0 0.04951328615499445 0
750 110 0 0.04695192436009334 0
770 110 0 0.04441401591250041 0
790 110 0 0.04192403309888883 0
810 110 0 0.03950179148786942 0
830 110 0 0.03716271305590573 0
850 110 0 0.0349182187659238 0
870 110 0 0.03277619662033916 0
890 110 0 0.03074150069035186 0
910 110 0 0.02881644715797422 0
930 110 0 0.02700128351355057 0
950 110 0 0.025294615842342 0
970 110 0 0.02369378621252769 0
990 110 0 0.02219519749518973 0
10 130 0 0.02336709716654255 0
30 130 0 0.02500264874229907 0
50 130 0 0.02675664801421264 0
70 130 0 0.0286342815052119 0
90 130 0 0.03063981174832056 0
110 130 0 0.03277619662033229 0
130 130 0 0.03504463654701673 0
150 130 0 0.03744404936157447 0
170 130 0 0.03997047883620714 0
190 130 0 0.04261645171945248 0
210 130 0 0.04537030965763168 0
230 130 0 0.04821555638251522 0
250 130 0 0.05113027604603206 0
270 130 0 0.05408669370394712 0
290 130 0 0.05705096080905562 0
310 130 0 0.05998325343677416 0
330 130 0 0.06283826481380611 0
350 130 0 0.06556615326140044 0
370 130 0 0.06811397062321975 0
390 130 0 0.07042754657487481 0
410 130 0 0.07245374660858922 0
430 130 0 0.07414296479433256 0
450 130 0 0.07545166678149899 0
470 130 0 0.0763447728180516 0
490 130 0 0.07679767019422433 0
510 130 0 0.07679767019422433 0
530 130 0 0.07634477281805929 0
550 130 0 0.07545166678148237 0
570 130 0 0.07414296479430002 0
590 130 0 0.07245374660856119 0
610 130 0 0.07042754657483503 0
630 130 0 0.06811397062318522 0
650 130 0 0.06556615326139248 0
670 130 0 0.062838264813791 0
690 130 0 0.0599832534367575 0
710 130 0 0.0570509608090534 0
730 130 0 0.05408669370393959 0
750 130 0 0.05113027604604918 0
770 130 0 0.04821555638253839 0
790 130 0 0.04537030965765863 0
810 130 0 0.04261645171949037 0
830 130 0 0.03997047883622492 0
850 130 0 0.03744404936158735 0
870 130 0 0.03504463654703117 0
890 130 0 0.03277619662034373 0
910 130 0 0.03063981174833195 0
930 130 0 0.02863428150521496 0
950 130 0 0.02675664801420319 0
970 130 0 0.0250026487423101 0
990 130 0 0.02336709716653915 0
10 150 0 0.02457514289324852 0
30 150 0 0.02635707845254602 0
50 150 0 0.0282756825380545 0
70 150 0 0.03033810107010724 0
90 150 0 0.03255061853532693 0
110 150 0 0.03491821876592307 0
130 150 0 0.03744404936157447 0
150 150 0 0.04012878490146464 0
170 150 0 0.04296989108248026 0
190 150 0 0.04596080252497313 0
210 150 0 0.0490900417396905 0
230 150 0 0.05234032566706549 0
250 150 0 0.05568772839875871 0
270 150 0 0.059100991940684 0
290 150 0 0.06254109730695827 0
310 150 0 0.06596122036094959 0
330 150 0 0.06930719423796271 0
350 150 0 0.07251857703621795 0
370 150 0 0.07553037658735021 0
390 150 0 0.0782754152540643 0
410 150 0 0.08068723475238102 0
430 150 0 0.0827033573254701 0
450 150 0 0.08426865107740499 0
470 150 0 0.08533850791528334 0
490 150 0 0.08588154050879862 0
510 150 0 0.08588154050880013 0
530 150 0 0.08533850791528567 0
550 150 0 0.08426865107739592 0
570 150 0 0.08270335732545119 0
590 150 0 0.08068723475236173 0
610 150 0 0.07827541525403325 0
630 150 0 0.07553037658733162 0
650 150 0 0.0725185770362009 0
670 150 0 0.06930719423795093 0
690 150 0 0.06596122036094919 0
710 150 0 0.06254109730694385 0
730 150 0 0.05910099194066354 0
750 150 0 0.0556877283987652 0
770 150 0 0.0523403256670879 0
790 150 0 0.0490900417397216 0
810 150 0 0.04596080252501215 0
830 150 0 0.0429698910824946 0
850 150 0 0.04012878490148317 0
870 150 0 0.03744404936158083 0
890 150 0 0.03491821876592949 0
910 150 0 0.03255061853533758 0
930 150 0 0.030338101070127 0
950 150 0 0.02827568253805947 0
970 150 0 0.02635707845252367 0
990 150 0 0.02457514289323905 0
10 170 0 0.02581421221029529 0
30 170 0 0.02775169485155585 0
50 170 0 0.02984617846355968 0
70 170 0 0.03210718887836088 0
90 170 0 0.03454351542663615 0
110 170 0 0.03716271305589015 0
130 170 0 0.0399704788362132 0
150 170 0 0.04296989108248636 0
170 170 0 0.04616050666663088 0
190 170 0 0.04953732433037716 0
210 170 0 0.05308964006058743 0
230 170 0 0.05679984545364505 0
250 170 0 0.06064225094762508 0
270 170 0 0.06458205042955084 0
290 170 0 0.06857457706421981 0
310 170 0 0.0725650244224141 0
330 170 0 0.0764888121455178 0
350 170 0 0.08027275141045659 0
370 170 0 0.08383710565743864 0
390 170 0 0.08709854705838918 0
410 170 0 0.0899738897584436 0
430 170 0 0.0923843572774453 0
450 170 0 0.09426003867638522 0
470 170 0 0.09554412843554026 0
490 170 0 0.09619654085998662 0
510 170 0 0.09619654085998505 0
530 170 0 0.09554412843553491 0
550 170 0 0.09426003867636391 0
570 170 0 0.09238435727743241 0
590 170 0 0.08997388975842048 0
610 170 0 0.08709854705835199 0
630 170 0 0.08383710565741398 0
650 170 0 0.08027275141044263 0
670 170 0 0.0764888121455 0
690 170 0 0.07256502442240802 0
710 170 0 0.06857457706421528 0
730 170 0 0.06458205042956071 0
750 170 0 0.06064225094764637 0
770 170 0 0.05679984545366178 0
790 170 0 0.05308964006060867 0
810 170 0 0.04953732433043895 0
830 170 0 0.04616050666665356 0
850 170 0 0.04296989108249084 0
870 170 0 0.03997047883622454 0
890 170 0 0.03716271305590341 0
910 170 0 0.03454351542663801 0
930 170 0 0.03210718887835975 0
950 170 0 0.02984617846355554 0
970 170 0 0.02775169485153425 0
990 170 0 0.02581421221029 0
10 190 0 0.02707789061056418 0
30 190 0 0.02917956751932985 0
50 190 0 0.03146074410847486 0
70 190 0 0.03393379389256271 0
90 190 0 0.03661055786477234 0
110 190 0 0.03950179148785846 0
130 190 0 0.04261645171945857 0
150 190 0 0.04596080252497921 0
170 190 0 0.04953732433037412 0
190 190 0 0.05334342622592511 0
210 190 0 0.05736998145696695 0
230 190 0 0.06159973842582311 0
250 190 0 0.06600570139009689 0
270 190 0 0.07054962510541743 0
290 190 0 0.07518081982623495 0
310 190 0 0.07983550660390401 0
330 190 0 0.08443698261826163 0
350 190 0 0.08889683558727056 0
370 190 0 0.09311737208508962 0
390 190 0 0.09699529455037728 0
410 190 0 0.1004264899470676 0
430 190 0 0.1033116101570684 0
450 190 0 0.1055619701284196 0
470 190 0 0.107105200317773 0
490 190 0 0.1078900839308364 0
510 190 0 0.1078900839308349 0
530 190 0 0.1071052003177691 0
550 190 0 0.105561970128418 0
570 190 0 0.1033116101570446 0
590 190 0 0.1004264899470532 0
610 190 0 0.09699529455034654 0
630 190 0 0.09311737208506726 0
650 190 0 0.08889683558726758 0
670 190 0 0.08443698261825971 0
690 190 0 0.07983550660391198 0
710 190 0 0.0751808198262475 0
730 190 0 0.07054962510543303 0
750 190 0 0.06600570139011626 0
770 190 0 0.06159973842586863 0
790 190 0 0.05736998145701058 0
810 190 0 0.05334342622597785 0
830 190 0 0.04953732433042649 0
850 190 0 0.04596080252502133 0
870 190 0 0.04261645171948967 0
890 190 0 0.0395017914878812 0
910 190 0 0.0366105578647936 0
930 190 0 0.03393379389256575 0
950 190 0 0.03146074410848096 0
970 190 0 0.02917956751931092 0
990 190 0 0.02707789061054067 0
10 210 0 0.02835838464093576 0
30 210 0 0.03063208624530327 0
50 210 0 0.03310994919037788 0
70 210 0 0.03580770217834785 0
90 210 0 0.03874084189320005 0
110 210 0 0.04192403309887938 0
130 210 0 0.04537030965763781 0
150 210 0 0.04909004173969662 0
170 210 0 0.05308964006058745 0
190 210 0 0.05736998145696693 0
210 210 0 0.06192456475629882 0
230 210 0 0.06673744486246518 0
250 210 0 0.07178104817158484 0
270 210 0 0.07701404267674891 0
290 210 0 0.08237951484443437 0
310 210 0 0.08780377842992246 0
330 210 0 0.09319618569817366 0
350 210 0 0.0984503019387498 0
370 210 0 0.1034467157198703 0
390 210 0 0.1080575811380024 0
410 210 0 0.1121527417849729 0
430 210 0 0.1156070156320518 0
450 210 0 0.1183079893496717 0
470 210 0 0.1201635377192097 0
490 210 0 0.12110827762179 0
510 210 0 0.1211082776217923 0
530 210 0 0.1201635377192022 0
550 210 0 0.118307989349662 0
570 210 0 0.115607015632044 0
590 210 0 0.1121527417849594 0
610 210 0 0.1080575811379733 0
630 210 0 0.1034467157198601 0
650 210 0 0.09845030193875411 0
670 210 0 0.09319618569817228 0
690 210 0 0.08780377842992977 0
710 210 0 0.08237951484444471 0
730 210 0 0.0770140426767801 0
750 210 0 0.0717810481716107 0
770 210 0 0.06673744486248685 0
790 210 0 0.06192456475632879 0
810 210 0 0.0573699814570098 0
830 210 0 0.05308964006060601 0
850 210 0 0.04909004173972124 0
870 210 0 0.04537030965766966 0
890 210 0 0.04192403309889492 0
910 210 0 0.03874084189320421 0
930 210 0 0.03580770217835161 0
950 210 0 0.03310994919038698 0
970 210 0 0.03063208624530405 0
990 210 0 0.02835838464092779 0
10 230 0 0.02964646799529915 0
30 230 0 0.03209886796453756 0
50 230 0 0.03478217665535878 0
70 230 0 0.03771601245911677 0
90 230 0 0.04092017574192655 0
110 230 0 0.04441401591250119 0
130 230 0 0.04821555638252742 0
150 230 0 0.05234032566707156 0
170 230 0 0.05679984545364502 0
190 230 0 0.06159973842582309 0
210 230 0 0.06673744486246522 0
230 230 0 0.07219958297406388 0
250 230 0 0.07795905813459321 0
270 230 0 0.08397212173205974 0
290 230 0 0.09017569520970731 0
310 230 0 0.09648539151817025 0
330 230 0 0.1027947533204434 0
350 230 0 0.1089762424398879 0
370 230 0 0.1148844160253585 0
390 230 0 0.1203614896734568 0
410 230 0 0.1252451356706081 0
430 230 0 0.129377964895994 0
450 230 0 0.1326177960931671 0
470 230 0 0.1348476209181184 0
490 230 0 0.1359841719394217 0
510 230 0 0.1359841719394218 0
530 230 0 0.1348476209181089 0
550 230 0 0.1326177960931539 0
570 230 0 0.1293779648959823 0
590 230 0 0.125245135670588 0
610 230 0 0.1203614896734394 0
630 230 0 0.1148844160253479 0
650 230 0 0.1089762424398865 0
670 230 0 0.1027947533204462 0
690 230 0 0.09648539151819545 0
710 230 0 0.09017569520972521 0
730 230 0 0.08397212173210009 0
750 230 0 0.07795905813463684 0
770 230 0 0.07219958297410595 0
790 230 0 0.06673744486249558 0
810 230 0 0.06159973842585838 0
830 230 0 0.05679984545366591 0
850 230 0 0.05234032566709849 0
870 230 0 0.04821555638253722 0
890 230 0 0.04441401591249246 0
910 230 0 0.04092017574192965 0
930 230 0 0.03771601245910388 0
950 230 0 0.03478217665534397 0
970 230 0 0.03209886796453491 0
990 230 0 0.02964646799529536 0
10 250 0 0.03093147200610992 0
30 250 0 0.03356771580723686 0
50 250 0 0.03646353457304342 0
70 250 0 0.03964297920654447 0
90 250 0 0.04313082472391136 0
110 250 0 0.0469519243601017 0
130 250 0 0.05113027604603817 0
150 250 0 0.05568772839875871 0
170 250 0 0.06064225094762506 0
190 250 0 0.06600570139009683 0
210 250 0 0.07178104817158493 0
230 250 0 0.07795905813459318 0
250 250 0 0.08451454496304667 0
270 250 0 0.09140239997303451 0
290 250 0 0.09855378884531812 0
310 250 0 0.1058730762405797 0
330 250 0 0.1132361924510131 0
350 250 0 0.1204912180881348 0
370 250 0 0.1274618630471886 0
390 250 0 0.1339542080812991 0
410 250 0 0.1397665783308938 0
430 250 0 0.1447018299932415 0
450 250 0 0.1485808174702744 0
470 250 0 0.1512555241328595 0
490 250 0 0.1526203546822696 0
510 250 0 0.1526203546822655 0
530 250 0 0.151255524132853 0
550 250 0 0.1485808174702584 0
570 250 0 0.1447018299932198 0
590 250 0 0.1397665783308763 0
610 250 0 0.1339542080812831 0
630 250 0 0.127461863047166 0
650 250 0 0.1204912180881236 0
670 250 0 0.1132361924510068 0
690 250 0 0.1058730762405841 0
710 250 0 0.09855378884532134 0
730 250 0 0.09140239997304642 0
750 250 0 0.084514544963082 0
770 250 0 0.07795905813463605 0
790 250 0 0.07178104817161328 0
810 250 0 0.06600570139011544 0
830 250 0 0.0606422509476505 0
850 250 0 0.05568772839877203 0
870 250 0 0.05113027604605259 0
890 250 0 0.04695192436010778 0
910 250 0 0.04313082472390607 0
930 250 0 0.03964297920654414 0
950 250 0 0.03646353457302372 0
970 250 0 0.0335677158072016 0
990 250 0 0.0309314720060879 0
10 270 0 0.03220133196373012 0
30 270 0 0.0350246461766459 0
50 270 0 0.03813785004501991 0
70 270 0 0.04156995323042102 0
90 270 0 0.04535136990420273 0
110 270 0 0.04951328615499862 0
130 270 0 0.05408669370395321 0
150 270 0 0.05910099194069004 0
170 270 0 0.06458205042955684 0
190 270 0 0.07054962510542347 0
210 270 0 0.07701404267675491 0
230 270 0 0.08397212173206579 0
250 270 0 0.0914023999730406 0
270 270 0 0.09925989696945776 0
290 270 0 0.1074708628499919 0
310 270 0 0.1159282254286486 0
330 270 0 0.124488696879292 0
350 270 0 0.1329726426387062 0
370 270 0 0.1411677342811399 0
390 270 0 0.1488370154200027 0
410 270 0 0.1557313104528321 0
430 270 0 0.1616050464004557 0
450 270 0 0.1662337967970213 0
470 270 0 0.1694314473767068 0
490 270 0 0.1710649352480225 0
510 270 0 0.1710649352480167 0
530 270 0 0.169431447376706 0
550 270 0 0.1662337967970084 0
570 270 0 0.1616050464004383 0
590 270 0 0.1557313104528206 0
610 270 0 0.1488370154199904 0
630 270 0 0.141167734281119 0
650 270 0 0.132972642638703 0
670 270 0 0.1244886968792953 0
690 270 0 0.1159282254286476 0
710 270 0 0.1074708628500024 0
730 270 0 0.09925989696946938 0
750 270 0 0.09140239997305516 0
770 270 0 0.08397212173210956 0
790 270 0 0.07701404267678115 0
810 270 0 0.07054962510543676 0
830 270 0 0.06458205042957579 0
850 270 0 0.05910099194069006 0
870 270 0 0.05408669370395661 0
890 270 0 0.04951328615501758 0
910 270 0 0.04535136990418871 0
930 270 0 0.04156995323040471 0
950 270 0 0.03813785004501724 0
970 270 0 0.03502464617659432 0
990 270 0 0.03220133196369902 0
10 290 0 0.03344269964545957 0
30 290 0 0.03645399896249725 0
50 290 0 0.03978676684253369 0
70 290 0 0.04347545063293852 0
90 290 0 0.04755672393718345 0
110 290 0 0.05206889894654582 0
130 290 0 0.0570509608090617 0
150 290 0 0.06254109730696127 0
170 290 0 0.06857457706422579 0
190 290 0 0.07518081982624097 0
210 290 0 0.08237951484444042 0
230 290 0 0.09017569520970729 0
250 290 0 0.09855378884532422 0
270 290 0 0.1074708628499919 0
290 290 0 0.1168495690667926 0
310 290 0 0.1265716694541939 0
330 290 0 0.136473404209101 0
350 290 0 0.1463442329657236 0
370 290 0 0.1559304503635116 0
390 290 0 0.1649446927506512 0
410 290 0 0.1730813881138695 0
430 290 0 0.1800369595262073 0
450 290 0 0.1855324754728397 0
470 290 0 0.1893358581938845 0
490 290 0 0.1912808855903114 0
510 290 0 0.1912808855903131 0
530 290 0 0.1893358581938805 0
550 290 0 0.1855324754728332 0
570 290 0 0.1800369595261996 0
590 290 0 0.1730813881138568 0
610 290 0 0.1649446927506379 0
630 290 0 0.1559304503635028 0
650 290 0 0.1463442329657107 0
670 290 0 0.1364734042090897 0
690 290 0 0.1265716694541887 0
710 290 0 0.1168495690667829 0
730 290 0 0.1074708628500019 0
750 290 0 0.09855378884533009 0
770 290 0 0.09017569520972872 0
790 290 0 0.08237951484445388 0
810 290 0 0.07518081982625137 0
830 290 0 0.06857457706423384 0
850 290 0 0.06254109730696582 0
870 290 0 0.05705096080906282 0
890 290 0 0.052068898946553 0
910 290 0 0.04755672393718878 0
930 290 0 0.04347545063292525 0
950 290 0 0.0397867668425094 0
970 290 0 0.03645399896246462 0
990 290 0 0.03344269964543604 0
10 310 0 0.03464113008663026 0
30 310 0 0.03783864339375422 0
50 310 0 0.0413899658089931 0
70 310 0 0.04533537860541097 0
90 310 0 0.04971834604913668 0
110 310 0 0.05458500782046712 0
130 310 0 0.05998325343677415 0
150 310 0 0.06596122036095559 0
170 310 0 0.07256502442242012 0
190 310 0 0.07983550660391003 0
210 310 0 0.08780377842992851 0
230 310 0 0.09648539151817638 0
250 310 0 0.1058730762405858 0
270 310 0 0.1159282254286485 0
290 310 0 0.1265716694541938 0
310 310 0 0.13767479396212 0
330 310 0 0.1490526173756416 0
350 310 0 0.1604608976160746 0
370 310 0 0.1715994095549613 0
390 310 0 0.1821229605638723 0
410 310 0 0.1916604072271591 0
430 310 0 0.199840172458535 0
450 310 0 0.2063191483075832 0
470 310 0 0.2108110533734235 0
490 310 0 0.2131105638982643 0
510 310 0 0.2131105638982592 0
530 310 0 0.2108110533734128 0
550 310 0 0.206319148307571 0
570 310 0 0.1998401724585286 0
590 310 0 0.1916604072271461 0
610 310 0 0.1821229605638639 0
630 310 0 0.1715994095549586 0
650 310 0 0.1604608976160637 0
670 310 0 0.1490526173756301 0
690 310 0 0.1376747939621185 0
710 310 0 0.126571669454189 0
730 310 0 0.1159282254286483 0
750 310 0 0.1058730762406015 0
770 310 0 0.09648539151820573 0
790 310 0 0.08780377842994011 0
810 310 0 0.0798355066039269 0
830 310 0 0.07256502442241904 0
850 310 0 0.06596122036096053 0
870 310 0 0.05998325343676615 0
890 310 0 0.05458500782046369 0
910 310 0 0.04971834604913709 0
930 310 0 0.04533537860539204 0
950 310 0 0.04138996580896429 0
970 310 0 0.03783864339370645 0
990 310 0 0.03464113008660598 0
10 330 0 0.03578134685930855 0
30 330 0 0.0391602873911453 0
50 330 0 0.04292552146570126 0
70 330 0 0.04712344001255226 0
90 330 0 0.05180469090693512 0
110 330 0 0.05702378738007799 0
130 330 0 0.0628382648138122 0
150 330 0 0.0693071942379687 0
170 330 0 0.07648881214552387 0
190 330 0 0.08443698261826765 0
210 330 0 0.09319618569817972 0
230 330 0 0.1027947533204495 0
250 330 0 0.1132361924510191 0
270 330 0 0.124488696879292 0
290 330 0 0.1364734042091009 0
310 330 0 0.1490526173756414 0
330 330 0 0.1620200055568739 0
350 330 0 0.175095505403655 0
370 330 0 0.1879278812479094 0
390 330 0 0.2001072539413264 0
410 330 0 0.2111881871495412 0
430 330 0 0.2207214714888387 0
450 330 0 0.2282904650609573 0
470 330 0 0.233546725648157 0
490 330 0 0.2362401171652184 0
510 330 0 0.2362401171652163 0
530 330 0 0.2335467256481503 0
550 330 0 0.2282904650609451 0
570 330 0 0.220721471488831 0
590 330 0 0.2111881871495311 0
610 330 0 0.2001072539413107 0
630 330 0 0.1879278812479037 0
650 330 0 0.1750955054036408 0
670 330 0 0.1620200055568658 0
690 330 0 0.1490526173756334 0
710 330 0 0.1364734042090956 0
730 330 0 0.124488696879294 0
750 330 0 0.1132361924510208 0
770 330 0 0.1027947533204537 0
790 330 0 0.09319618569818403 0
810 330 0 0.08443698261827159 0
830 330 0 0.07648881214551566 0
850 330 0 0.06930719423795934 0
870 330 0 0.06283826481379057 0
890 330 0 0.05702378738007193 0
910 330 0 0.05180469090691465 0
930 330 0 0.04712344001252121 0
950 330 0 0.04292552146567625 0
970 330 0 0.03916028739110894 0
990 330 0 0.03578134685927219 0
10 350 0 0.03684758500452102 0
30 350 0 0.04039989159762999 0
50 350 0 0.04437039960772134 0
70 350 0 0.04881172764067221 0
90 350 0 0.05378191217017966 0
110 350 0 0.05934416496857558 0
130 350 0 0.06556615326140652 0
150 350 0 0.07251857703622394 0
170 350 0 0.08027275141046267 0
190 350 0 0.0888968355872766 0
210 350 0 0.0984503019387558 0
230 350 0 0.1089762424398939 0
250 350 0 0.1204912180881347 0
270 350 0 0.1329726426387063 0
290 350 0 0.1463442329657204 0
310 350 0 0.1604608976160744 0
330 350 0 0.1750955054036551 0
350 350 0 0.1899310065130701 0
370 350 0 0.2045618556183548 0
390 350 0 0.2185079899466575 0
410 350 0 0.2312424076064211 0
430 350 0 0.2422300895958345 0
450 350 0 0.2509728747038458 0
470 350 0 0.25705338831312 0
490 350 0 0.2601718540660867 0
510 350 0 0.2601718540660878 0
530 350 0 0.2570533883131121 0
550 350 0 0.2509728747038432 0
570 350 0 0.2422300895958288 0
590 350 0 0.2312424076064122 0
610 350 0 0.218507989946652 0
630 350 0 0.2045618556183479 0
650 350 0 0.1899310065130665 0
670 350 0 0.1750955054036492 0
690 350 0 0.1604608976160722 0
710 350 0 0.1463442329657213 0
730 350 0 0.1329726426387086 0
750 350 0 0.120491218088133 0
770 350 0 0.1089762424398983 0
790 350 0 0.09845030193876131 0
810 350 0 0.08889683558727711 0
830 350 0 0.08027275141045523 0
850 350 0 0.0725185770362017 0
870 350 0 0.06556615326139215 0
890 350 0 0.05934416496856684 0
910 350 0 0.05378191217015768 0
930 350 0 0.04881172764064874 0
950 350 0 0.0443703996076986 0
970 350 0 0.04039989159760803 0
990 350 0 0.03684758500449527 0
10 370 0 0.03782400457043353 0
30 370 0 0.04153818086823451 0
50 370 0 0.04570108932232551 0
70 370 0 0.05037150368045151 0
90 370 0 0.0556148209982071 0
110 370 0 0.06150299426098084 0
130 370 0 0.06811397062321969 0
150 370 0 0.07553037658735025 0
170 370 0 0.08383710565743852 0
190 370 0 0.09311737208508651 0
210 370 0 0.1034467157198702 0
230 370 0 0.1148844160253585 0
250 370 0 0.1274618630471886 0
270 370 0 0.1411677342811398 0
290 370 0 0.1559304503635117 0
310 370 0 0.1715994095549615 0
330 370 0 0.1879278812479095 0
350 370 0 0.2045618556183549 0
370 370 0 0.2210399333554336 0
390 370 0 0.2368086298682071 0
410 370 0 0.251254721081103 0
430 370 0 0.2637519545901835 0
450 370 0 0.2737152951970358 0
470 370 0 0.2806539100927507 0
490 370 0 0.2842151889918416 0
510 370 0 0.2842151889918424 0
530 370 0 0.2806539100927471 0
550 370 0 0.2737152951970402 0
570 370 0 0.2637519545901751 0
590 370 0 0.2512547210810975 0
610 370 0 0.2368086298681983 0
630 370 0 0.2210399333554288 0
650 370 0 0.2045618556183492 0
670 370 0 0.1879278812479035 0
690 370 0 0.171599409554966 0
710 370 0 0.1559304503635193 0
730 370 0 0.1411677342811289 0
750 370 0 0.1274618630471819 0
770 370 0 0.1148844160253681 0
790 370 0 0.1034467157198689 0
810 370 0 0.09311737208508401 0
830 370 0 0.08383710565744022 0
850 370 0 0.07553037658735604 0
870 370 0 0.06811397062321072 0
890 370 0 0.06150299426097101 0
910 370 0 0.05561482099819193 0
930 370 0 0.05037150368043862 0
950 370 0 0.04570108932230808 0
970 370 0 0.04153818086822244 0
990 370 0 0.03782400457043208 0
10 390 0 0.03869516095671616 0
30 390 0 0.04255623658092792 0
50 390 0 0.04689434971070554 0
70 390 0 0.05177414165480555 0
90 390 0 0.05726807416231829 0
110 390 0 0.06345655274223398 0
130 390 0 0.07042754657487484 0
150 390 0 0.07827541525406437 0
170 390 0 0.08709854705839218 0
190 390 0 0.09699529455037723 0
210 390 0 0.1080575811380024 0
230 390 0 0.1203614896734569 0
250 390 0 0.133954208081299 0
270 390 0 0.1488370154200027 0
290 390 0 0.1649446927506514 0
310 390 0 0.1821229605638724 0
330 390 0 0.2001072539413264 0
350 390 0 0.2185079899466574 0
370 390 0 0.236808629868204 0
390 390 0 0.2543821488854146 0
410 390 0 0.270528212957062 0
430 390 0 0.2845279635773908 0
450 390 0 0.2957080229894576 0
470 390 0 0.3035028666913385 0
490 390 0 0.3075062222249029 0
510 390 0 0.307506222224906 0
530 390 0 0.3035028666913351 0
550 390 0 0.2957080229894513 0
570 390 0 0.2845279635773932 0
590 390 0 0.2705282129570635 0
610 390 0 0.2543821488854117 0
630 390 0 0.2368086298682027 0
650 390 0 0.218507989946655 0
670 390 0 0.20010725394132 0
690 390 0 0.1821229605638766 0
710 390 0 0.1649446927506493 0
730 390 0 0.1488370154199981 0
750 390 0 0.133954208081303 0
770 390 0 0.1203614896734474 0
790 390 0 0.1080575811379881 0
810 390 0 0.0969952945503595 0
830 390 0 0.08709854705837591 0
850 390 0 0.07827541525404964 0
870 390 0 0.07042754657485174 0
890 390 0 0.06345655274220825 0
910 390 0 0.05726807416228798 0
930 390 0 0.05177414165477217 0
950 390 0 0.04689434971066992 0
970 390 0 0.04255623658090062 0
990 390 0 0.03869516095668741 0
10 410 0 0.03944651166116712 0
30 410 0 0.04343614368722225 0
50 410 0 0.04792803807409652 0
70 410 0 0.05299218861524183 0
90 410 0 0.05870753857491726 0
110 410 0 0.06516229656228846 0
130 410 0 0.07245374660858923 0
150 410 0 0.08068723475238108 0
170 410 0 0.08997388975844364 0
190 410 0 0.1004264899470676 0
210 410 0 0.1121527417849729 0
230 410 0 0.1252451356706081 0
250 410 0 0.139766578330894 0
270 410 0 0.1557313104528322 0
290 410 0 0.1730813881138697 0
310 410 0 0.1916604072271593 0
330 410 0 0.2111881871495412 0
350 410 0 0.231242407606421 0
370 410 0 0.2512547210811029 0
390 410 0 0.2705282129570623 0
410 410 0 0.2882792117751852 0
430 410 0 0.3036999446530584 0
450 410 0 0.3160320896339787 0
470 410 0 0.3246383021189282 0
490 410 0 0.3290607474339752 0
510 410 0 0.3290607474339706 0
530 410 0 0.3246383021189309 0
550 410 0 0.3160320896339874 0
570 410 0 0.3036999446530591 0
590 410 0 0.2882792117751865 0
610 410 0 0.2705282129570674 0
630 410 0 0.2512547210810976 0
650 410 0 0.2312424076064196 0
670 410 0 0.2111881871495383 0
690 410 0 0.191660407227149 0
710 410 0 0.1730813881138601 0
730 410 0 0.1557313104528136 0
750 410 0 0.1397665783308794 0
770 410 0 0.1252451356705971 0
790 410 0 0.1121527417849616 0
810 410 0 0.1004264899470476 0
830 410 0 0.0899738897584343 0
850 410 0 0.08068723475235848 0
870 410 0 0.07245374660856427 0
890 410 0 0.06516229656227261 0
910 410 0 0.05870753857489604 0
930 410 0 0.05299218861521753 0
950 410 0 0.04792803807406315 0
970 410 0 0.04343614368718432 0
990 410 0 0.03944651166113376 0
10 430 0 0.04006493339098566 0
30 430 0 0.0441616581659237 0
50 430 0 0.04878197421658585 0
70 430 0 0.05400048765150119 0
90 430 0 0.05990175291274103 0
110 430 0 0.06658076779398225 0
130 430 0 0.07414296479432651 0
150 430 0 0.08270335732547024 0
170 430 0 0.09238435727744541 0
190 430 0 0.1033116101570685 0
210 430 0 0.1156070156320519 0
230 430 0 0.1293779648959943 0
250 430 0 0.1447018299932415 0
270 430 0 0.1616050464004559 0
290 430 0 0.1800369595262074 0
310 430 0 0.1998401724585352 0
330 430 0 0.2207214714888386 0
350 430 0 0.2422300895958345 0
370 430 0 0.2637519545901834 0
390 430 0 0.2845279635773909 0
410 430 0 0.3036999446530584 0
430 430 0 0.3203804349144496 0
450 430 0 0.3337348913068973 0
470 430 0 0.3430615074489889 0
490 430 0 0.3478561797679182 0
510 430 0 0.3478561797679142 0
530 430 0 0.3430615074489919 0
550 430 0 0.3337348913069014 0
570 430 0 0.3203804349144501 0
590 430 0 0.3036999446530604 0
610 430 0 0.2845279635773917 0
630 430 0 0.2637519545901841 0
650 430 0 0.2422300895958353 0
670 430 0 0.2207214714888372 0
690 430 0 0.1998401724585253 0
710 430 0 0.1800369595262017 0
730 430 0 0.1616050464004412 0
750 430 0 0.1447018299932249 0
770 430 0 0.1293779648959889 0
790 430 0 0.1156070156320375 0
810 430 0 0.1033116101570476 0
830 430 0 0.09238435727743523 0
850 430 0 0.08270335732545055 0
870 430 0 0.07414296479429852 0
890 430 0 0.06658076779397318 0
910 430 0 0.05990175291272587 0
930 430 0 0.05400048765147612 0
950 430 0 0.04878197421656762 0
970 430 0 0.04416165816587666 0
990 430 0 0.04006493339095377 0
10 450 0 0.04053921964397857 0
30 450 0 0.04471885468623671 0
50 450 0 0.04943878665022164 0
70 450 0 0.05477728736999426 0
90 450 0 0.06082338683187753 0
110 450 0 0.06767751875284295 0
130 450 0 0.07545166678149906 0
150 450 0 0.08426865107740515 0
170 450 0 0.09426003867638534 0
190 450 0 0.1055619701284196 0
210 450 0 0.1183079893496718 0
230 450 0 0.1326177960931672 0
250 450 0 0.1485808174702743 0
270 450 0 0.1662337967970215 0
290 450 0 0.1855324754728429 0
310 450 0 0.2063191483075833 0
330 450 0 0.2282904650609573 0
350 450 0 0.2509728747038459 0
370 450 0 0.2737152951970358 0
390 450 0 0.2957080229894579 0
410 450 0 0.3160320896339789 0
430 450 0 0.3337348913068973 0
450 450 0 0.3479195211158282 0
470 450 0 0.3578314051622098 0
490 450 0 0.3629285574602777 0
510 450 0 0.3629285574602789 0
530 450 0 0.3578314051622126 0
550 450 0 0.3479195211158291 0
570 450 0 0.3337348913069008 0
590 450 0 0.3160320896339856 0
610 450 0 0.2957080229894561 0
630 450 0 0.2737152951970427 0
650 450 0 0.2509728747038487 0
670 450 0 0.2282904650609582 0
690 450 0 0.2063191483075837 0
710 450 0 0.1855324754728361 0
730 450 0 0.1662337967970175 0
750 450 0 0.1485808174702649 0
770 450 0 0.1326177960931589 0
790 450 0 0.1183079893496593 0
810 450 0 0.1055619701284155 0
830 450 0 0.09426003867636602 0
850 450 0 0.08426865107739227 0
870 450 0 0.07545166678147404 0
890 450 0 0.06767751875282405 0
910 450 0 0.06082338683186767 0
930 450 0 0.05477728736997149 0
950 450 0 0.04943878665020192 0
970 450 0 0.04471885468621543 0
990 450 0 0.04053921964394667 0
10 470 0 0.04086052745215197 0
30 470 0 0.04509671184491488 0
50 470 0 0.04988468241849297 0
70 470 0 0.05530525838155256 0
90 470 0 0.06145058772301861 0
110 470 0 0.06842490146931884 0
130 470 0 0.07634477281805176 0
150 470 0 0.08533850791528348 0
170 470 0 0.09554412843554033 0
190 470 0 0.107105200317773 0
210 470 0 0.1201635377192097 0
230 470 0 0.1348476209181184 0
250 470 0 0.1512555241328596 0
270 470 0 0.169431447376707 0
290 470 0 0.1893358581938877 0
310 470 0 0.2108110533734234 0
330 470 0 0.2335467256481568 0
350 470 0 0.2570533883131204 0
370 470 0 0.2806539100927509 0
390 470 0 0.3035028666913388 0
410 470 0 0.3246383021189284 0
430 470 0 0.3430615074489891 0
450 470 0 0.35783140516221 0
470 470 0 0.3681560271578339 0
490 470 0 0.3734665306276449 0
510 470 0 0.373466530627645 0
530 470 0 0.3681560271578335 0
550 470 0 0.3578314051622111 0
570 470 0 0.3430615074489891 0
590 470 0 0.3246383021189311 0
610 470 0 0.3035028666913423 0
630 470 0 0.2806539100927579 0
650 470 0 0.2570533883131206 0
670 470 0 0.2335467256481569 0
690 470 0 0.2108110533734174 0
710 470 0 0.18933585819388 0
730 470 0 0.1694314473767035 0
750 470 0 0.1512555241328579 0
770 470 0 0.1348476209181124 0
790 470 0 0.1201635377191968 0
810 470 0 0.1071052003177548 0
830 470 0 0.09554412843552407 0
850 470 0 0.08533850791527368 0
870 470 0 0.07634477281803884 0
890 470 0 0.06842490146931271 0
910 470 0 0.06145058772301711 0
930 470 0 0.05530525838154043 0
950 470 0 0.04988468241847627 0
970 470 0 0.04509671184490122 0
990 470 0 0.04086052745213986 0
10 490 0 0.0410227434075332 0
30 490 0 0.04528759393468152 0
50 490 0 0.05011008394390701 0
70 490 0 0.05557233848914647 0
90 490 0 0.06176810633133264 0
110 490 0 0.06880357114915665 0
130 490 0 0.07679767019422439 0
150 490 0 0.08588154050879866 0
170 490 0 0.09619654085998662 0
190 490 0 0.1078900839308364 0
210 490 0 0.1211082776217899 0
230 490 0 0.1359841719394219 0
250 490 0 0.1526203546822692 0
270 490 0 0.1710649352480227 0
290 490 0 0.191280885590313 0
310 490 0 0.2131105638982643 0
330 490 0 0.2362401171652183 0
350 490 0 0.2601718540660868 0
370 490 0 0.2842151889918421 0
390 490 0 0.3075062222249033 0
410 490 0 0.3290607474339753 0
430 490 0 0.3478561797679183 0
450 490 0 0.3629285574602785 0
470 490 0 0.3734665306276451 0
490 490 0 0.3788873309825351 0
510 490 0 0.3788873309825344 0
530 490 0 0.3734665306276467 0
550 490 0 0.3629285574602789 0
570 490 0 0.3478561797679172 0
590 490 0 0.3290607474339785 0
610 490 0 0.3075062222249147 0
630 490 0 0.2842151889918519 0
650 490 0 0.2601718540660948 0
670 490 0 0.2362401171652263 0
690 490 0 0.2131105638982627 0
710 490 0 0.1912808855903092 0
730 490 0 0.1710649352480192 0
750 490 0 0.1526203546822712 0
770 490 0 0.135984171939429 0
790 490 0 0.1211082776217883 0
810 490 0 0.1078900839308204 0
830 490 0 0.09619654085997528 0
850 490 0 0.08588154050878886 0
870 490 0 0.07679767019421609 0
890 490 0 0.06880357114915053 0
910 490 0 0.06176810633132656 0
930 490 0 0.05557233848913582 0
950 490 0 0.05011008394389938 0
970 490 0 0.04528759393465569 0
990 490 0 0.04102274340751647 0
10 510 0 0.04102274340753467 0
30 510 0 0.04528759393467545 0
50 510 0 0.05011008394389944 0
70 510 0 0.05557233848914644 0
90 510 0 0.06176810633131895 0
110 510 0 0.06880357114916118 0
130 510 0 0.07679767019422133 0
150 510 0 0.08588154050879708 0
170 510 0 0.09619654085998132 0
190 510 0 0.1078900839308318 0
210 510 0 0.1211082776217891 0
230 510 0 0.1359841719394218 0
250 510 0 0.1526203546822656 0
270 510 0 0.1710649352480169 0
290 510 0 0.1912808855903148 0
310 510 0 0.2131105638982584 0
330 510 0 0.2362401171652159 0
350 510 0 0.2601718540660874 0
370 510 0 0.2842151889918432 0
390 510 0 0.3075062222249059 0
410 510 0 0.3290607474339705 0
430 510 0 0.3478561797679138 0
450 510 0 0.3629285574602786 0
470 510 0 0.373466530627645 0
490 510 0 0.378887330982534 0
510 510 0 0.3788873309825357 0
530 510 0 0.3734665306276455 0
550 510 0 0.3629285574602783 0
570 510 0 0.3478561797679176 0
590 510 0 0.3290607474339771 0
610 510 0 0.3075062222249149 0
630 510 0 0.2842151889918533 0
650 510 0 0.2601718540660925 0
670 510 0 0.236240117165225 0
690 510 0 0.2131105638982577 0
710 510 0 0.1912808855903096 0
730 510 0 0.1710649352480264 0
750 510 0 0.1526203546822731 0
770 510 0 0.1359841719394229 0
790 510 0 0.1211082776217906 0
810 510 0 0.1078900839308234 0
830 510 0 0.09619654085997753 0
850 510 0 0.08588154050879186 0
870 510 0 0.0767976701942161 0
890 510 0 0.06880357114915815 0
910 510 0 0.06176810633132501 0
930 510 0 0.0555723384891343 0
950 510 0 0.05011008394389483 0
970 510 0 0.04528759393466781 0
990 510 0 0.04102274340751341 0
10 530 0 0.04086052745213984 0
30 530 0 0.04509671184492858 0
50 530 0 0.04988468241847782 0
70 530 0 0.05530525838155561 0
90 530 0 0.06145058772301251 0
110 530 0 0.06842490146932487 0
130 530 0 0.0763447728180577 0
150 530 0 0.08533850791528413 0
170 530 0 0.09554412843553266 0
190 530 0 0.1071052003177669 0
210 530 0 0.1201635377191998 0
230 530 0 0.1348476209181081 0
250 530 0 0.1512555241328537 0
270 530 0 0.1694314473767062 0
290 530 0 0.1893358581938822 0
310 530 0 0.2108110533734124 0
330 530 0 0.23354672564815 0
350 530 0 0.2570533883131118 0
370 530 0 0.2806539100927478 0
390 530 0 0.3035028666913356 0
410 530 0 0.3246383021189315 0
430 530 0 0.3430615074489922 0
450 530 0 0.3578314051622117 0
470 530 0 0.3681560271578335 0
490 530 0 0.3734665306276465 0
510 530 0 0.3734665306276454 0
530 530 0 0.3681560271578369 0
550 530 0 0.3578314051622079 0
570 530 0 0.3430615074489874 0
590 530 0 0.3246383021189345 0
610 530 0 0.3035028666913424 0
630 530 0 0.2806539100927536 0
650 530 0 0.2570533883131176 0
670 530 0 0.2335467256481557 0
690 530 0 0.2108110533734167 0
710 530 0 0.1893358581938832 0
730 530 0 0.169431447376703 0
750 530 0 0.1512555241328599 0
770 530 0 0.1348476209181185 0
790 530 0 0.1201635377192013 0
810 530 0 0.1071052003177585 0
830 530 0 0.09554412843553041 0
850 530 0 0.08533850791527738 0
870 530 0 0.07634477281805779 0
890 530 0 0.06842490146931578 0
910 530 0 0.06145058772301705 0
930 530 0 0.05530525838155253 0
950 530 0 0.04988468241848384 0
970 530 0 0.04509671184491183 0
990 530 0 0.04086052745213072 0
10 550 0 0.04053921964394363 0
30 550 0 0.04471885468623062 0
50 550 0 0.04943878665021558 0
70 550 0 0.05477728736997755 0
90 550 0 0.0608233868318684 0
110 550 0 0.06767751875283531 0
130 550 0 0.07545166678148531 0
150 550 0 0.08426865107739891 0
170 550 0 0.09426003867636699 0
190 550 0 0.1055619701284211 0
210 550 0 0.1183079893496599 0
230 550 0 0.1326177960931538 0
250 550 0 0.1485808174702591 0
270 550 0 0.1662337967970085 0
290 550 0 0.1855324754728356 0
310 550 0 0.2063191483075718 0
330 550 0 0.2282904650609455 0
350 550 0 0.2509728747038436 0
370 550 0 0.273715295197041 0
390 550 0 0.2957080229894519 0
410 550 0 0.3160320896339884 0
430 550 0 0.333734891306902 0
450 550 0 0.3479195211158292 0
470 550 0 0.3578314051622119 0
490 550 0 0.3629285574602787 0
510 550 0 0.362928557460278 0
530 550 0 0.3578314051622078 0
550 550 0 0.3479195211158201 0
570 550 0 0.3337348913068954 0
590 550 0 0.3160320896339825 0
610 550 0 0.2957080229894495 0
630 550 0 0.2737152951970408 0
650 550 0 0.2509728747038421 0
670 550 0 0.2282904650609466 0
690 550 0 0.2063191483075719 0
710 550 0 0.1855324754728365 0
730 550 0 0.1662337967970215 0
750 550 0 0.1485808174702714 0
770 550 0 0.1326177960931634 0
790 550 0 0.1183079893496588 0
810 550 0 0.1055619701284181 0
830 550 0 0.09426003867636248 0
850 550 0 0.08426865107740961 0
870 550 0 0.07545166678148839 0
890 550 0 0.06767751875283841 0
910 550 0 0.06082338683186842 0
930 550 0 0.05477728736996083 0
950 550 0 0.04943878665021247 0
970 550 0 0.04471885468621387 0
990 550 0 0.04053921964393301 0
10 570 0 0.04006493339097802 0
30 570 0 0.04416165816589032 0
50 570 0 0.04878197421657367 0
70 570 0 0.05400048765147535 0
90 570 0 0.0599017529127129 0
110 570 0 0.06658076779395639 0
130 570 0 0.074142964794306 0
150 570 0 0.08270335732545728 0
170 570 0 0.09238435727743848 0
190 570 0 0.1033116101570475 0
210 570 0 0.1156070156320431 0
230 570 0 0.1293779648959849 0
250 570 0 0.1447018299932217 0
270 570 0 0.1616050464004402 0
290 570 0 0.1800369595262032 0
310 570 0 0.1998401724585287 0
330 570 0 0.2207214714888311 0
350 570 0 0.2422300895958284 0
370 570 0 0.2637519545901753 0
390 570 0 0.2845279635773933 0
410 570 0 0.3036999446530603 0
430 570 0 0.3203804349144506 0
450 570 0 0.3337348913069005 0
470 570 0 0.3430615074489887 0
490 570 0 0.3478561797679171 0
510 570 0 0.3478561797679174 0
530 570 0 0.3430615074489872 0
550 570 0 0.3337348913068957 0
570 570 0 0.3203804349144415 0
590 570 0 0.3036999446530552 0
610 570 0 0.2845279635773936 0
630 570 0 0.2637519545901813 0
650 570 0 0.2422300895958305 0
670 570 0 0.2207214714888324 0
690 570 0 0.1998401724585221 0
710 570 0 0.180036959526194 0
730 570 0 0.1616050464004381 0
750 570 0 0.1447018299932251 0
770 570 0 0.1293779648959819 0
790 570 0 0.1156070156320396 0
810 570 0 0.1033116101570313 0
830 570 0 0.09238435727742038 0
850 570 0 0.08270335732544293 0
870 570 0 0.07414296479429007 0
890 570 0 0.06658076779394428 0
910 570 0 0.05990175291270004 0
930 570 0 0.05400048765146472 0
950 570 0 0.04878197421656152 0
970 570 0 0.04416165816587661 0
990 570 0 0.04006493339095221 0
10 590 0 0.03944651166113976 0
30 590 0 0.04343614368720251 0
50 590 0 0.04792803807407219 0
70 590 0 0.05299218861520685 0
90 590 0 0.05870753857488836 0
110 590 0 0.06516229656226873 0
130 590 0 0.07245374660856492 0
150 590 0 0.08068723475236628 0
170 590 0 0.08997388975842505 0
190 590 0 0.1004264899470547 0
210 590 0 0.1121527417849569 0
230 590 0 0.1252451356705875 0
250 590 0 0.1397665783308766 0
270 590 0 0.155731310452821 0
290 590 0 0.173081388113859 0
310 590 0 0.1916604072271462 0
330 590 0 0.2111881871495319 0
350 590 0 0.2312424076064126 0
370 590 0 0.2512547210810981 0
390 590 0 0.2705282129570641 0
410 590 0 0.2882792117751881 0
430 590 0 0.3036999446530614 0
450 590 0 0.3160320896339859 0
470 590 0 0.3246383021189317 0
490 590 0 0.3290607474339791 0
510 590 0 0.3290607474339777 0
530 590 0 0.3246383021189351 0
550 590 0 0.3160320896339828 0
570 590 0 0.3036999446530553 0
590 590 0 0.2882792117751845 0
610 590 0 0.2705282129570675 0
630 590 0 0.251254721081099 0
650 590 0 0.2312424076064199 0
670 590 0 0.2111881871495444 0
690 590 0 0.1916604072271424 0
710 590 0 0.1730813881138607 0
730 590 0 0.1557313104528134 0
750 590 0 0.1397665783308793 0
770 590 0 0.1252451356705936 0
790 590 0 0.1121527417849539 0
810 590 0 0.1004264899470434 0
830 590 0 0.08997388975841793 0
850 590 0 0.08068723475234936 0
870 590 0 0.07245374660854832 0
890 590 0 0.06516229656225961 0
910 590 0 0.05870753857486866 0
930 590 0 0.0529921886152038 0
950 590 0 0.04792803807406004 0
970 590 0 0.04343614368718879 0
990 590 0 0.03944651166114882 0
10 610 0 0.0386951609566889 0
30 610 0 0.04255623658089607 0
50 610 0 0.04689434971067592 0
70 610 0 0.05177414165477591 0
90 610 0 0.05726807416227957 0
110 610 0 0.06345655274220288 0
130 610 0 0.07042754657483952 0
150 610 0 0.07827541525403817 0
170 610 0 0.08709854705835725 0
190 610 0 0.096995294550348 0
210 610 0 0.1080575811379709 0
230 610 0 0.120361489673439 0
250 610 0 0.1339542080812834 0
270 610 0 0.1488370154199909 0
290 610 0 0.1649446927506399 0
310 610 0 0.1821229605638641 0
330 610 0 0.2001072539413107 0
350 610 0 0.2185079899466521 0
370 610 0 0.2368086298681981 0
390 610 0 0.2543821488854123 0
410 610 0 0.2705282129570687 0
430 610 0 0.2845279635773926 0
450 610 0 0.2957080229894564 0
470 610 0 0.3035028666913428 0
490 610 0 0.3075062222249151 0
510 610 0 0.3075062222249156 0
530 610 0 0.3035028666913431 0
550 610 0 0.2957080229894498 0
570 610 0 0.2845279635773938 0
590 610 0 0.2705282129570676 0
610 610 0 0.2543821488854141 0
630 610 0 0.2368086298682055 0
650 610 0 0.2185079899466549 0
670 610 0 0.2001072539413251 0
690 610 0 0.1821229605638738 0
710 610 0 0.1649446927506447 0
730 610 0 0.1488370154200003 0
750 610 0 0.1339542080813035 0
770 610 0 0.1203614896734515 0
790 610 0 0.108057581137982 0
810 610 0 0.09699529455035602 0
830 610 0 0.08709854705836033 0
850 610 0 0.07827541525404923 0
870 610 0 0.07042754657483699 0
890 610 0 0.06345655274219764 0
910 610 0 0.05726807416227583 0
930 610 0 0.05177414165477212 0
950 610 0 0.04689434971066606 0
970 610 0 0.04255623658089452 0
990 610 0 0.03869516095668581 0
10 630 0 0.03782400457042295 0
30 630 0 0.04153818086821325 0
50 630 0 0.0457010893222989 0
70 630 0 0.05037150368042567 0
90 630 0 0.05561482099816681 0
110 630 0 0.06150299426095084 0
130 630 0 0.0681139706231905 0
150 630 0 0.0755303765873377 0
170 630 0 0.08383710565741849 0
190 630 0 0.09311737208506801 0
210 630 0 0.1034467157198578 0
230 630 0 0.1148844160253475 0
250 630 0 0.1274618630471663 0
270 630 0 0.1411677342811195 0
290 630 0 0.1559304503635049 0
310 630 0 0.1715994095549588 0
330 630 0 0.187927881247903 0
350 630 0 0.2045618556183482 0
370 630 0 0.2210399333554294 0
390 630 0 0.2368086298682041 0
410 630 0 0.2512547210810991 0
430 630 0 0.2637519545901854 0
450 630 0 0.2737152951970429 0
470 630 0 0.2806539100927581 0
490 630 0 0.2842151889918523 0
510 630 0 0.284215188991854 0
530 630 0 0.2806539100927545 0
550 630 0 0.2737152951970411 0
570 630 0 0.2637519545901812 0
590 630 0 0.2512547210810989 0
610 630 0 0.2368086298682054 0
630 630 0 0.2210399333554314 0
650 630 0 0.2045618556183508 0
670 630 0 0.1879278812479117 0
690 630 0 0.1715994095549591 0
710 630 0 0.1559304503635086 0
730 630 0 0.1411677342811247 0
750 630 0 0.1274618630471779 0
770 630 0 0.1148844160253539 0
790 630 0 0.1034467157198657 0
810 630 0 0.09311737208506987 0
830 630 0 0.08383710565742643 0
850 630 0 0.07553037658734561 0
870 630 0 0.0681139706231985 0
890 630 0 0.06150299426095206 0
910 630 0 0.05561482099816915 0
930 630 0 0.05037150368042419 0
950 630 0 0.04570108932229821 0
970 630 0 0.04153818086822849 0
990 630 0 0.03782400457043055 0
10 650 0 0.03684758500448989 0
30 650 0 0.04039989159760644 0
50 650 0 0.04437039960769854 0
70 650 0 0.04881172764064255 0
90 650 0 0.0537819121701614 0
110 650 0 0.05934416496856264 0
130 650 0 0.06556615326139703 0
150 650 0 0.07251857703620544 0
170 650 0 0.08027275141044722 0
190 650 0 0.08889683558726877 0
210 650 0 0.09845030193875184 0
230 650 0 0.1089762424398861 0
250 650 0 0.1204912180881239 0
270 650 0 0.1329726426387034 0
290 650 0 0.1463442329657103 0
310 650 0 0.1604608976160647 0
330 650 0 0.1750955054036417 0
350 650 0 0.1899310065130676 0
370 650 0 0.2045618556183506 0
390 650 0 0.2185079899466569 0
410 650 0 0.2312424076064218 0
430 650 0 0.2422300895958387 0
450 650 0 0.2509728747038498 0
470 650 0 0.2570533883131217 0
490 650 0 0.2601718540660952 0
510 650 0 0.2601718540660933 0
530 650 0 0.2570533883131184 0
550 650 0 0.2509728747038424 0
570 650 0 0.2422300895958305 0
590 650 0 0.2312424076064198 0
610 650 0 0.2185079899466549 0
630 650 0 0.2045618556183491 0
650 650 0 0.1899310065130573 0
670 650 0 0.1750955054036477 0
690 650 0 0.1604608976160609 0
710 650 0 0.1463442329657076 0
730 650 0 0.1329726426386972 0
750 650 0 0.1204912180881272 0
770 650 0 0.108976242439891 0
790 650 0 0.09845030193875136 0
810 650 0 0.08889683558726762 0
830 650 0 0.08027275141044908 0
850 650 0 0.07251857703621188 0
870 650 0 0.06556615326139588 0
890 650 0 0.05934416496856042 0
910 650 0 0.05378191217016451 0
930 650 0 0.04881172764064948 0
950 650 0 0.04437039960769708 0
970 650 0 0.04039989159761183 0
990 650 0 0.03684758500448464 0
10 670 0 0.03578134685929418 0
30 670 0 0.03916028739112712 0
50 670 0 0.0429255214656853 0
70 670 0 0.0471234400125257 0
90 670 0 0.05180469090691236 0
110 670 0 0.05702378738006623 0
130 670 0 0.06283826481379551 0
150 670 0 0.06930719423795553 0
170 670 0 0.07648881214550383 0
190 670 0 0.08443698261826135 0
210 670 0 0.09319618569817081 0
230 670 0 0.1027947533204458 0
250 670 0 0.1132361924510068 0
270 670 0 0.1244886968792959 0
290 670 0 0.1364734042090896 0
310 670 0 0.1490526173756312 0
330 670 0 0.1620200055568678 0
350 670 0 0.1750955054036508 0
370 670 0 0.1879278812479062 0
390 670 0 0.2001072539413219 0
410 670 0 0.2111881871495401 0
430 670 0 0.2207214714888396 0
450 670 0 0.22829046506096 0
470 670 0 0.233546725648158 0
490 670 0 0.2362401171652266 0
510 670 0 0.2362401171652257 0
530 670 0 0.2335467256481556 0
550 670 0 0.2282904650609469 0
570 670 0 0.2207214714888324 0
590 670 0 0.2111881871495444 0
610 670 0 0.200107253941325 0
630 670 0 0.1879278812479115 0
650 670 0 0.1750955054036478 0
670 670 0 0.1620200055568731 0
690 670 0 0.1490526173756362 0
710 670 0 0.1364734042090919 0
730 670 0 0.1244886968792951 0
750 670 0 0.113236192451023 0
770 670 0 0.1027947533204571 0
790 670 0 0.09319618569816616 0
810 670 0 0.0844369826182632 0
830 670 0 0.07648881214550272 0
850 670 0 0.06930719423796419 0
870 670 0 0.0628382648138031 0
890 670 0 0.05702378738005978 0
910 670 0 0.05180469090691242 0
930 670 0 0.047123440012525 0
950 670 0 0.04292552146565881 0
970 670 0 0.03916028739111199 0
990 670 0 0.0357813468592813 0
10 690 0 0.0346411300866219 0
30 690 0 0.03783864339372008 0
50 690 0 0.0413899658089654 0
70 690 0 0.0453353786053882 0
90 690 0 0.04971834604912644 0
110 690 0 0.05458500782045877 0
130 690 0 0.05998325343676203 0
150 690 0 0.06596122036095373 0
170 690 0 0.0725650244224126 0
190 690 0 0.07983550660391361 0
210 690 0 0.08780377842992834 0
230 690 0 0.09648539151819585 0
250 690 0 0.1058730762405848 0
270 690 0 0.1159282254286483 0
290 690 0 0.1265716694541901 0
310 690 0 0.1376747939621195 0
330 690 0 0.1490526173756354 0
350 690 0 0.1604608976160738 0
370 690 0 0.1715994095549678 0
390 690 0 0.1821229605638783 0
410 690 0 0.1916604072271507 0
430 690 0 0.1998401724585267 0
450 690 0 0.2063191483075847 0
470 690 0 0.2108110533734185 0
490 690 0 0.2131105638982629 0
510 690 0 0.2131105638982583 0
530 690 0 0.2108110533734164 0
550 690 0 0.206319148307572 0
570 690 0 0.199840172458522 0
590 690 0 0.1916604072271422 0
610 690 0 0.1821229605638736 0
630 690 0 0.171599409554959 0
650 690 0 0.1604608976160607 0
670 690 0 0.1490526173756361 0
690 690 0 0.1376747939621131 0
710 690 0 0.1265716694541894 0
730 690 0 0.1159282254286433 0
750 690 0 0.1058730762405919 0
770 690 0 0.09648539151819313 0
790 690 0 0.08780377842992257 0
810 690 0 0.07983550660390711 0
830 690 0 0.07256502442241108 0
850 690 0 0.06596122036096021 0
870 690 0 0.05998325343674833 0
890 690 0 0.05458500782045194 0
910 690 0 0.0497183460491276 0
930 690 0 0.04533537860537153 0
950 690 0 0.0413899658089476 0
970 690 0 0.03783864339371178 0
990 690 0 0.03464113008661206 0
10 710 0 0.03344269964544665 0
30 710 0 0.03645399896246572 0
50 710 0 0.03978676684251735 0
70 710 0 0.04347545063291157 0
90 710 0 0.04755672393719254 0
110 710 0 0.05206889894653671 0
130 710 0 0.05705096080906094 0
150 710 0 0.06254109730695144 0
170 710 0 0.06857457706422289 0
190 710 0 0.0751808198262522 0
210 710 0 0.08237951484444633 0
230 710 0 0.09017569520972564 0
250 710 0 0.09855378884532132 0
270 710 0 0.107470862850003 0
290 710 0 0.1168495690667843 0
310 710 0 0.1265716694541908 0
330 710 0 0.1364734042090994 0
350 710 0 0.1463442329657247 0
370 710 0 0.1559304503635207 0
390 710 0 0.1649446927506515 0
410 710 0 0.1730813881138623 0
430 710 0 0.1800369595262035 0
450 710 0 0.1855324754728382 0
470 710 0 0.1893358581938814 0
490 710 0 0.1912808855903098 0
510 710 0 0.1912808855903098 0
530 710 0 0.1893358581938814 0
550 710 0 0.1855324754728352 0
570 710 0 0.1800369595261939 0
590 710 0 0.1730813881138608 0
610 710 0 0.1649446927506447 0
630 710 0 0.1559304503635086 0
650 710 0 0.1463442329657076 0
670 710 0 0.1364734042090918 0
690 710 0 0.1265716694541895 0
710 710 0 0.1168495690667783 0
730 710 0 0.1074708628499844 0
750 710 0 0.0985537888453122 0
770 710 0 0.09017569520972252 0
790 710 0 0.08237951484443296 0
810 710 0 0.07518081982623352 0
830 710 0 0.06857457706421825 0
850 710 0 0.06254109730695824 0
870 710 0 0.05705096080905409 0
890 710 0 0.05206889894653363 0
910 710 0 0.04755672393717433 0
930 710 0 0.04347545063290814 0
950 710 0 0.03978676684249725 0
970 710 0 0.03645399896244565 0
990 710 0 0.03344269964544137 0
10 730 0 0.03220133196370394 0
30 730 0 0.03502464617661061 0
50 730 0 0.03813785004501762 0
70 730 0 0.04156995323039103 0
90 730 0 0.04535136990418037 0
110 730 0 0.04951328615500205 0
130 730 0 0.05408669370394641 0
150 730 0 0.05910099194067037 0
170 730 0 0.06458205042956829 0
190 730 0 0.0705496251054369 0
210 730 0 0.07701404267678016 0
230 730 0 0.08397212173210054 0
250 730 0 0.09140239997304493 0
270 730 0 0.09925989696946931 0
290 730 0 0.1074708628500026 0
310 730 0 0.1159282254286489 0
330 730 0 0.1244886968792969 0
350 730 0 0.1329726426387112 0
370 730 0 0.1411677342811311 0
390 730 0 0.1488370154200004 0
410 730 0 0.1557313104528166 0
430 730 0 0.1616050464004437 0
450 730 0 0.1662337967970219 0
470 730 0 0.1694314473767065 0
490 730 0 0.1710649352480215 0
510 730 0 0.1710649352480286 0
530 730 0 0.1694314473767027 0
550 730 0 0.1662337967970218 0
570 730 0 0.161605046400438 0
590 730 0 0.1557313104528135 0
610 730 0 0.1488370154200004 0
630 730 0 0.1411677342811247 0
650 730 0 0.1329726426386973 0
670 730 0 0.1244886968792952 0
690 730 0 0.1159282254286434 0
710 730 0 0.1074708628499845 0
730 730 0 0.09925989696945953 0
750 730 0 0.09140239997303469 0
770 730 0 0.08397212173209931 0
790 730 0 0.07701404267676712 0
810 730 0 0.07054962510542803 0
830 730 0 0.06458205042956594 0
850 730 0 0.05910099194068094 0
870 730 0 0.05408669370393194 0
890 730 0 0.04951328615498946 0
910 730 0 0.04535136990416933 0
930 730 0 0.04156995323037543 0
950 730 0 0.03813785004498042 0
970 730 0 0.03502464617657608 0
990 730 0 0.0322013319636846 0
10 750 0 0.03093147200611372 0
30 750 0 0.03356771580720691 0
50 750 0 0.03646353457302218 0
70 750 0 0.03964297920653464 0
90 750 0 0.04313082472391553 0
110 750 0 0.04695192436009792 0
130 750 0 0.05113027604605145 0
150 750 0 0.05568772839876747 0
170 750 0 0.06064225094764787 0
190 750 0 0.06600570139011473 0
210 750 0 0.07178104817161039 0
230 750 0 0.07795905813463654 0
250 750 0 0.08451454496308056 0
270 750 0 0.09140239997305517 0
290 750 0 0.09855378884532999 0
310 750 0 0.105873076240601 0
330 750 0 0.113236192451023 0
350 750 0 0.1204912180881348 0
370 750 0 0.1274618630471841 0
390 750 0 0.1339542080813052 0
410 750 0 0.1397665783308821 0
430 750 0 0.1447018299932275 0
450 750 0 0.1485808174702687 0
470 750 0 0.1512555241328603 0
490 750 0 0.1526203546822736 0
510 750 0 0.1526203546822759 0
530 750 0 0.15125552413286 0
550 750 0 0.1485808174702718 0
570 750 0 0.1447018299932253 0
590 750 0 0.1397665783308794 0
610 750 0 0.1339542080813037 0
630 750 0 0.127461863047178 0
650 750 0 0.1204912180881273 0
670 750 0 0.1132361924510231 0
690 750 0 0.105873076240592 0
710 750 0 0.09855378884531227 0
730 750 0 0.09140239997303475 0
750 750 0 0.08451454496306954 0
770 750 0 0.07795905813462667 0
790 750 0 0.07178104817160467 0
810 750 0 0.06600570139010292 0
830 750 0 0.06064225094763869 0
850 750 0 0.05568772839876019 0
870 750 0 0.05113027604605026 0
890 750 0 0.04695192436008951 0
910 750 0 0.04313082472391135 0
930 750 0 0.03964297920654143 0
950 750 0 0.03646353457298879 0
970 750 0 0.03356771580720046 0
990 750 0 0.03093147200609779 0
10 770 0 0.02964646799530904 0
30 770 0 0.03209886796454935 0
50 770 0 0.03478217665535006 0
70 770 0 0.03771601245909516 0
90 770 0 0.04092017574192849 0
110 770 0 0.04441401591250118 0
130 770 0 0.04821555638253763 0
150 770 0 0.05234032566708863 0
170 770 0 0.05679984545366022 0
190 770 0 0.06159973842586711 0
210 770 0 0.0667374448624854 0
230 770 0 0.07219958297410449 0
250 770 0 0.07795905813463352 0
270 770 0 0.08397212173210769 0
290 770 0 0.0901756952097275 0
310 770 0 0.09648539151820608 0
330 770 0 0.1027947533204564 0
350 770 0 0.1089762424399009 0
370 770 0 0.1148844160253707 0
390 770 0 0.12036148967345 0
410 770 0 0.1252451356705997 0
430 770 0 0.1293779648959899 0
450 770 0 0.1326177960931626 0
470 770 0 0.1348476209181153 0
490 770 0 0.1359841719394313 0
510 770 0 0.1359841719394252 0
530 770 0 0.1348476209181184 0
550 770 0 0.1326177960931633 0
570 770 0 0.1293779648959819 0
590 770 0 0.1252451356705937 0
610 770 0 0.1203614896734515 0
630 770 0 0.1148844160253539 0
650 770 0 0.108976242439891 0
670 770 0 0.1027947533204572 0
690 770 0 0.09648539151819323 0
710 770 0 0.0901756952097227 0
730 770 0 0.08397212173209945 0
750 770 0 0.07795905813462668 0
770 770 0 0.07219958297411092 0
790 770 0 0.06673744486248499 0
810 770 0 0.06159973842585797 0
830 770 0 0.0567998454536693 0
850 770 0 0.05234032566710187 0
870 770 0 0.04821555638255161 0
890 770 0 0.04441401591251325 0
910 770 0 0.04092017574194174 0
930 770 0 0.03771601245909553 0
950 770 0 0.03478217665533751 0
970 770 0 0.03209886796452847 0
990 770 0 0.0296464679953022 0
10 790 0 0.02835838464093994 0
30 790 0 0.03063208624531392 0
50 790 0 0.03310994919038398 0
70 790 0 0.03580770217835429 0
90 790 0 0.03874084189320649 0
110 790 0 0.04192403309889186 0
130 790 0 0.04537030965766015 0
150 790 0 0.04909004173972235 0
170 790 0 0.05308964006060866 0
190 790 0 0.05736998145700981 0
210 790 0 0.06192456475632802 0
230 790 0 0.06673744486249483 0
250 790 0 0.07178104817161148 0
270 790 0 0.07701404267678004 0
290 790 0 0.08237951484445345 0
310 790 0 0.08780377842993968 0
330 790 0 0.09319618569818512 0
350 790 0 0.09845030193876235 0
370 790 0 0.1034467157198699 0
390 790 0 0.1080575811379899 0
410 790 0 0.1121527417849634 0
430 790 0 0.1156070156320393 0
450 790 0 0.1183079893496622 0
470 790 0 0.120163537719199 0
490 790 0 0.1211082776217898 0
510 790 0 0.1211082776217921 0
530 790 0 0.1201635377192006 0
550 790 0 0.1183079893496588 0
570 790 0 0.1156070156320397 0
590 790 0 0.1121527417849539 0
610 790 0 0.1080575811379819 0
630 790 0 0.1034467157198657 0
650 790 0 0.0984503019387514 0
670 790 0 0.09319618569816621 0
690 790 0 0.08780377842992264 0
710 790 0 0.08237951484443307 0
730 790 0 0.07701404267676726 0
750 790 0 0.07178104817160474 0
770 790 0 0.06673744486248501 0
790 790 0 0.06192456475632609 0
810 790 0 0.05736998145700178 0
830 790 0 0.05308964006060559 0
850 790 0 0.04909004173973295 0
870 790 0 0.04537030965768325 0
890 790 0 0.04192403309891266 0
910 790 0 0.03874084189322122 0
930 790 0 0.03580770217835692 0
950 790 0 0.03310994919037184 0
970 790 0 0.0306320862453124 0
990 790 0 0.0283583846409206 0
10 810 0 0.02707789061056153 0
30 810 0 0.02917956751932873 0
50 810 0 0.03146074410847981 0
70 810 0 0.03393379389255817 0
90 810 0 0.03661055786478674 0
110 810 0 0.03950179148787093 0
130 810 0 0.04261645171949039 0
150 810 0 0.04596080252501179 0
170 810 0 0.04953732433043822 0
190 810 0 0.05334342622597781 0
210 810 0 0.05736998145700978 0
230 810 0 0.06159973842585838 0
250 810 0 0.06600570139011587 0
270 810 0 0.07054962510543648 0
290 810 0 0.07518081982625252 0
310 810 0 0.07983550660392805 0
330 810 0 0.08443698261827495 0
350 810 0 0.08889683558728016 0
370 810 0 0.09311737208508587 0
390 810 0 0.09699529455036134 0
410 810 0 0.1004264899470495 0
430 810 0 0.1033116101570495 0
450 810 0 0.1055619701284169 0
470 810 0 0.107105200317757 0
490 810 0 0.1078900839308219 0
510 810 0 0.107890083930825 0
530 810 0 0.1071052003177578 0
550 810 0 0.105561970128412 0
570 810 0 0.1033116101570313 0
590 810 0 0.1004264899470434 0
610 810 0 0.09699529455035601 0
630 810 0 0.09311737208506987 0
650 810 0 0.0888968355872676 0
670 810 0 0.0844369826182632 0
690 810 0 0.07983550660390712 0
710 810 0 0.07518081982623352 0
730 810 0 0.0705496251054281 0
750 810 0 0.06600570139010901 0
770 810 0 0.06159973842585799 0
790 810 0 0.05736998145700178 0
810 810 0 0.05334342622596452 0
830 810 0 0.04953732433042265 0
850 810 0 0.04596080252501255 0
870 810 0 0.04261645171949493 0
890 810 0 0.03950179148789176 0
910 810 0 0.03661055786480263 0
930 810 0 0.03393379389255967 0
950 810 0 0.03146074410847488 0
970 810 0 0.02917956751932077 0
990 810 0 0.027077890610546 0
10 830 0 0.02581421221030593 0
30 830 0 0.02775169485155663 0
50 830 0 0.02984617846356806 0
70 830 0 0.03210718887835747 0
90 830 0 0.03454351542664336 0
110 830 0 0.03716271305590724 0
130 830 0 0.0399704788362242 0
150 830 0 0.04296989108249164 0
170 830 0 0.04616050666665283 0
190 830 0 0.04953732433042644 0
210 830 0 0.05308964006060447 0
230 830 0 0.05679984545366439 0
250 830 0 0.06064225094764786 0
270 830 0 0.06458205042957314 0
290 830 0 0.06857457706423423 0
310 830 0 0.07256502442241866 0
330 830 0 0.07648881214551827 0
350 830 0 0.08027275141045784 0
370 830 0 0.08383710565744128 0
390 830 0 0.08709854705837704 0
410 830 0 0.08997388975843613 0
430 830 0 0.09238435727743705 0
450 830 0 0.09426003867636897 0
470 830 0 0.09554412843552627 0
490 830 0 0.0961965408599768 0
510 830 0 0.09619654085997904 0
530 830 0 0.09554412843552967 0
550 830 0 0.09426003867636254 0
570 830 0 0.09238435727742038 0
590 830 0 0.08997388975841791 0
610 830 0 0.08709854705836034 0
630 830 0 0.08383710565742647 0
650 830 0 0.08027275141044912 0
670 830 0 0.07648881214550272 0
690 830 0 0.07256502442241111 0
710 830 0 0.06857457706421832 0
730 830 0 0.06458205042956294 0
750 830 0 0.06064225094763877 0
770 830 0 0.05679984545366937 0
790 830 0 0.05308964006060563 0
810 830 0 0.04953732433042268 0
830 830 0 0.04616050666662783 0
850 830 0 0.04296989108249241 0
870 830 0 0.03997047883623445 0
890 830 0 0.03716271305590837 0
910 830 0 0.03454351542664524 0
930 830 0 0.03210718887835786 0
950 830 0 0.02984617846354756 0
970 830 0 0.02775169485152247 0
990 830 0 0.02581421221028317 0
10 850 0 0.02457514289324701 0
30 850 0 0.0263570784525377 0
50 850 0 0.02827568253806062 0
70 850 0 0.03033810107011145 0
90 850 0 0.03255061853532962 0
110 850 0 0.03491821876592534 0
130 850 0 0.03744404936158736 0
150 850 0 0.04012878490148171 0
170 850 0 0.04296989108249161 0
190 850 0 0.04596080252502013 0
210 850 0 0.04909004173971968 0
230 850 0 0.05234032566709546 0
250 850 0 0.05568772839876936 0
270 850 0 0.05910099194068819 0
290 850 0 0.06254109730696547 0
310 850 0 0.06596122036095951 0
330 850 0 0.06930719423796043 0
350 850 0 0.07251857703620357 0
370 850 0 0.0755303765873548 0
390 850 0 0.07827541525405034 0
410 850 0 0.08068723475235959 0
430 850 0 0.08270335732545019 0
450 850 0 0.08426865107739449 0
470 850 0 0.08533850791527514 0
490 850 0 0.08588154050879035 0
510 850 0 0.08588154050879337 0
530 850 0 0.08533850791527664 0
550 850 0 0.0842686510774097 0
570 850 0 0.08270335732544296 0
590 850 0 0.08068723475234929 0
610 850 0 0.0782754152540492 0
630 850 0 0.07553037658734719 0
650 850 0 0.07251857703621192 0
670 850 0 0.06930719423796423 0
690 850 0 0.06596122036096022 0
710 850 0 0.06254109730695828 0
730 850 0 0.05910099194068098 0
750 850 0 0.05568772839876329 0
770 850 0 0.05234032566710495 0
790 850 0 0.04909004173973602 0
810 850 0 0.04596080252501562 0
830 850 0 0.04296989108249545 0
850 850 0 0.04012878490149199 0
870 850 0 0.03744404936159874 0
890 850 0 0.03491821876594128 0
910 850 0 0.03255061853532999 0
930 850 0 0.03033810107011942 0
950 850 0 0.02827568253806668 0
970 850 0 0.02635707845252479 0
990 850 0 0.02457514289324246 0
10 870 0 0.02336709716651108 0
30 870 0 0.02500264874230783 0
50 870 0 0.02675664801421534 0
70 870 0 0.02863428150520968 0
90 870 0 0.03063981174832667 0
110 870 0 0.03277619662034146 0
130 870 0 0.0350446365470319 0
150 870 0 0.03744404936158013 0
170 870 0 0.0399704788362253 0
190 870 0 0.04261645171948886 0
210 870 0 0.04537030965766811 0
230 870 0 0.04821555638253647 0
250 870 0 0.05113027604605103 0
270 870 0 0.05408669370395509 0
290 870 0 0.05705096080906207 0
310 870 0 0.05998325343676467 0
330 870 0 0.06283826481379057 0
350 870 0 0.06556615326139362 0
370 870 0 0.06811397062320987 0
390 870 0 0.07042754657485244 0
410 870 0 0.07245374660856577 0
430 870 0 0.07414296479429926 0
450 870 0 0.07545166678147557 0
470 870 0 0.07634477281804038 0
490 870 0 0.07679767019421761 0
510 870 0 0.0767976701942176 0
530 870 0 0.07634477281805785 0
550 870 0 0.0754516667814885 0
570 870 0 0.07414296479429019 0
590 870 0 0.07245374660854834 0
610 870 0 0.07042754657483692 0
630 870 0 0.06811397062319854 0
650 870 0 0.06556615326139593 0
670 870 0 0.06283826481380313 0
690 870 0 0.05998325343674839 0
710 870 0 0.05705096080905413 0
730 870 0 0.05408669370393198 0
750 870 0 0.05113027604605332 0
770 870 0 0.0482155563825547 0
790 870 0 0.04537030965768633 0
810 870 0 0.04261645171949797 0
830 870 0 0.03997047883623746 0
850 870 0 0.03744404936159874 0
870 870 0 0.03504463654704101 0
890 870 0 0.03277619662037786 0
910 870 0 0.03063981174834183 0
930 870 0 0.02863428150522104 0
950 870 0 0.0267566480142157 0
970 870 0 0.0250026487423082 0
990 870 0 0.02336709716651829 0
10 890 0 0.02219519749518328 0
30 890 0 0.02369378621252241 0
50 890 0 0.0252946158423462 0
70 890 0 0.02700128351355666 0
90 890 0 0.02881644715798561 0
110 890 0 0.03074150069035565 0
130 890 0 0.03277619662034598 0
150 890 0 0.03491821876593026 0
170 890 0 0.03716271305590571 0
190 890 0 0.03950179148788266 0
210 890 0 0.04192403309889487 0
230 890 0 0.04441401591249469 0
250 890 0 0.04695192436010924 0
270 890 0 0.04951328615501754 0
290 890 0 0.05206889894655373 0
310 890 0 0.05458500782046068 0
330 890 0 0.0570237873800734 0
350 890 0 0.05934416496856985 0
370 890 0 0.06150299426097246 0
390 890 0 0.0634565527422105 0
410 890 0 0.06516229656227567 0
430 890 0 0.0665807677939747 0
450 890 0 0.06767751875282554 0
470 890 0 0.06842490146931426 0
490 890 0 0.06880357114915207 0
510 890 0 0.06880357114916269 0
530 890 0 0.0684249014693158 0
550 890 0 0.06767751875283845 0
570 890 0 0.06658076779394433 0
590 890 0 0.06516229656225968 0
610 890 0 0.06345655274219761 0
630 890 0 0.06150299426095199 0
650 890 0 0.0593441649685604 0
670 890 0 0.05702378738005982 0
690 890 0 0.054585007820452 0
710 890 0 0.05206889894653368 0
730 890 0 0.04951328615498952 0
750 890 0 0.04695192436009258 0
770 890 0 0.04441401591251631 0
790 890 0 0.04192403309891574 0
810 890 0 0.0395017914878948 0
830 890 0 0.03716271305591139 0
850 890 0 0.03491821876594124 0
870 890 0 0.03277619662037783 0
890 890 0 0.03074150069036513 0
910 890 0 0.02881644715798143 0
930 890 0 0.02700128351358167 0
950 890 0 0.02529461584234844 0
970 890 0 0.023693786212522 0
990 890 0 0.02219519749517456 0
10 910 0 0.02106338362021733 0
30 910 0 0.02243447434206576 0
50 910 0 0.02389348615997533 0
70 910 0 0.02544274630464135 0
90 910 0 0.02708366201173932 0
110 910 0 0.02881644715797801 0
130 910 0 0.03063981174833424 0
150 910 0 0.03255061853533758 0
170 910 0 0.03454351542664108 0
190 910 0 0.03661055786479509 0
210 910 0 0.03874084189320798 0
230 910 0 0.04092017574193337 0
250 910 0 0.04313082472391057 0
270 910 0 0.0453513699041917 0
290 910 0 0.04755672393719252 0
310 910 0 0.0497183460491401 0
330 910 0 0.05180469090691765 0
350 910 0 0.05378191217016218 0
370 910 0 0.05561482099819645 0
390 910 0 0.05726807416229327 0
410 910 0 0.05870753857489906 0
430 910 0 0.05990175291272739 0
450 910 0 0.06082338683186917 0
470 910 0 0.0614505877230186 0
490 910 0 0.06176810633132805 0
510 910 0 0.06176810633132653 0
530 910 0 0.0614505877230186 0
550 910 0 0.06082338683186994 0
570 910 0 0.05990175291270006 0
590 910 0 0.05870753857486869 0
610 910 0 0.05726807416227581 0
630 910 0 0.05561482099816912 0
650 910 0 0.05378191217016447 0
670 910 0 0.05180469090691238 0
690 910 0 0.04971834604912762 0
710 910 0 0.04755672393718652 0
730 910 0 0.0453513699041815 0
750 910 0 0.04313082472392653 0
770 910 0 0.04092017574195692 0
790 910 0 0.03874084189323643 0
810 910 0 0.03661055786481785 0
830 910 0 0.03454351542666041 0
850 910 0 0.03255061853534212 0
870 910 0 0.03063981174835395 0
890 910 0 0.02881644715799355 0
910 910 0 0.02708366201175902 0
930 910 0 0.02544274630466598 0
950 910 0 0.02389348615997302 0
970 910 0 0.022434474342068 0
990 910 0 0.02106338362022148 0
10 930 0 0.01997453503545355 0
30 930 0 0.02122746394721606 0
50 930 0 0.02255573589065004 0
70 930 0 0.0239606794987354 0
90 930 0 0.02544274630463981 0
110 930 0 0.02700128351355587 0
130 930 0 0.02863428150521951 0
150 930 0 0.03033810107013003 0
170 930 0 0.03210718887836431 0
190 930 0 0.0339337938925688 0
210 930 0 0.03580770217835767 0
230 930 0 0.03771601245910842 0
250 930 0 0.0396429792065494 0
270 930 0 0.04156995323040844 0
290 930 0 0.04347545063292976 0
310 930 0 0.04533537860539581 0
330 930 0 0.04712344001252496 0
350 930 0 0.048811727640654 0
370 930 0 0.05037150368044239 0
390 930 0 0.05177414165477671 0
410 930 0 0.05299218861521903 0
430 930 0 0.05400048765147614 0
450 930 0 0.05477728736997148 0
470 930 0 0.0553052583815404 0
490 930 0 0.0555723384891358 0
510 930 0 0.05557233848913427 0
530 930 0 0.05530525838155254 0
550 930 0 0.05477728736996389 0
570 930 0 0.05400048765146474 0
590 930 0 0.05299218861520385 0
610 930 0 0.05177414165477214 0
630 930 0 0.05037150368042415 0
650 930 0 0.04881172764064941 0
670 930 0 0.04712344001252497 0
690 930 0 0.04533537860537155 0
710 930 0 0.0434754506329203 0
730 930 0 0.0415699532303876 0
750 930 0 0.03964297920655357 0
770 930 0 0.03771601245911069 0
790 930 0 0.03580770217837208 0
810 930 0 0.03393379389257485 0
830 930 0 0.03210718887836999 0
850 930 0 0.03033810107013154 0
870 930 0 0.02863428150523316 0
890 930 0 0.0270012835135938 0
910 930 0 0.02544274630466597 0
930 930 0 0.02396067949876459 0
950 930 0 0.0225557358906633 0
970 930 0 0.02122746394723804 0
990 930 0 0.01997453503546568 0
10 950 0 0.01893059895241542 0
30 950 0 0.02007443968692158 0
50 950 0 0.02128263302006442 0
70 950 0 0.02255573589065117 0
90 950 0 0.02389348615996505 0
110 950 0 0.02529461584234654 0
130 950 0 0.02675664801420698 0
150 950 0 0.02827568253806175 0
170 950 0 0.02984617846356085 0
190 950 0 0.03146074410848398 0
210 950 0 0.03310994919039308 0
230 950 0 0.03478217665534853 0
250 950 0 0.036463534573029 0
270 950 0 0.03813785004502102 0
290 950 0 0.03978676684251393 0
310 950 0 0.04138996580896805 0
330 950 0 0.04292552146567999 0
350 950 0 0.04437039960770388 0
370 950 0 0.04570108932231183 0
390 950 0 0.04689434971067443 0
410 950 0 0.04792803807406461 0
430 950 0 0.04878197421656759 0
450 950 0 0.04943878665020188 0
470 950 0 0.04988468241847624 0
490 950 0 0.05011008394389937 0
510 950 0 0.05011008394389482 0
530 950 0 0.04988468241848385 0
550 950 0 0.0494387866502125 0
570 950 0 0.04878197421656151 0
590 950 0 0.04792803807406006 0
610 950 0 0.04689434971066609 0
630 950 0 0.04570108932229816 0
650 950 0 0.04437039960769705 0
670 950 0 0.04292552146565877 0
690 950 0 0.0413899658089476 0
710 950 0 0.03978676684250942 0
730 950 0 0.03813785004499257 0
750 950 0 0.03646353457300396 0
770 950 0 0.03478217665535268 0
790 950 0 0.03310994919039305 0
810 950 0 0.03146074410849004 0
830 950 0 0.02984617846356273 0
850 950 0 0.02827568253807577 0
870 950 0 0.02675664801423085 0
890 950 0 0.02529461584236361 0
910 950 0 0.02389348615997604 0
930 950 0 0.02255573589066634 0
950 950 0 0.02128263302009361 0
970 950 0 0.02007443968691323 0
990 950 0 0.01893059895241426 0
10 970 0 0.01793271772384489 0
30 970 0 0.01897618173642907 0
50 970 0 0.02007443968692007 0
70 970 0 0.02122746394723159 0
90 970 0 0.02243447434207065 0
110 970 0 0.02369378621253149 0
130 970 0 0.02500264874231466 0
150 970 0 0.02635707845252596 0
170 970 0 0.02775169485153958 0
190 970 0 0.02917956751931397 0
210 970 0 0.03063208624531015 0
230 970 0 0.03209886796453797 0
250 970 0 0.0335677158072069 0
270 970 0 0.0350246461765981 0
290 970 0 0.03645399896246915 0
310 970 0 0.03783864339371023 0
330 970 0 0.03916028739111269 0
350 970 0 0.04039989159761329 0
370 970 0 0.04153818086822619 0
390 970 0 0.04255623658090515 0
410 970 0 0.04343614368718578 0
430 970 0 0.04416165816587813 0
450 970 0 0.04471885468621542 0
470 970 0 0.0450967118449012 0
490 970 0 0.04528759393465569 0
510 970 0 0.0452875939346678 0
530 970 0 0.04509671184491183 0
550 970 0 0.0447188546862139 0
570 970 0 0.04416165816587664 0
590 970 0 0.04343614368718883 0
610 970 0 0.04255623658089455 0
630 970 0 0.04153818086822848 0
650 970 0 0.0403998915976118 0
670 970 0 0.03916028739111198 0
690 970 0 0.03783864339371178 0
710 970 0 0.03645399896245782 0
730 970 0 0.03502464617658826 0
750 970 0 0.03356771580721565 0
770 970 0 0.03209886796454367 0
790 970 0 0.03063208624532759 0
810 970 0 0.02917956751933595 0
830 970 0 0.02775169485153766 0
850 970 0 0.02635707845253997 0
870 970 0 0.02500264874232337 0
890 970 0 0.02369378621253717 0
910 970 0 0.02243447434207103 0
930 970 0 0.02122746394724106 0
950 970 0 0.02007443968691323 0
970 970 0 0.01897618173642983 0
990 970 0 0.01793271772382555 0
10 990 0 0.01698135125307621 0
30 990 0 0.01793271772384036 0
50 990 0 0.01893059895242147 0
70 990 0 0.01997453503545164 0
90 990 0 0.02106338362021504 0
110 990 0 0.02219519749519125 0
130 990 0 0.0233670971665422 0
150 990 0 0.02457514289324136 0
170 990 0 0.02581421221029383 0
190 990 0 0.02707789061054297 0
210 990 0 0.02835838464093314 0
230 990 0 0.02964646799529919 0
250 990 0 0.03093147200609248 0
270 990 0 0.03220133196370204 0
290 990 0 0.03344269964544135 0
310 990 0 0.0346411300866105 0
330 990 0 0.0357813468592767 0
350 990 0 0.0368475850045013 0
370 990 0 0.0378240045704366 0
390 990 0 0.03869516095669191 0
410 990 0 0.03944651166113523 0
430 990 0 0.04006493339095375 0
450 990 0 0.04053921964394664 0
470 990 0 0.04086052745213982 0
490 990 0 0.04102274340751646 0
510 990 0 0.04102274340751343 0
530 990 0 0.04086052745213072 0
550 990 0 0.040539219643933 0
570 990 0 0.04006493339095224 0
590 990 0 0.03944651166114888 0
610 990 0 0.03869516095668583 0
630 990 0 0.03782400457043052 0
650 990 0 0.03684758500448457 0
670 990 0 0.03578134685928124 0
690 990 0 0.03464113008661202 0
710 990 0 0.03344269964545351 0
730 990 0 0.03220133196369674 0
750 990 0 0.03093147200611297 0
770 990 0 0.0296464679953174 0
790 990 0 0.02835838464093579 0
810 990 0 0.02707789061056116 0
830 990 0 0.02581421221029837 0
850 990 0 0.02457514289325765 0
870 990 0 0.02336709716653346 0
890 990 0 0.02219519749518973 0
910 990 0 0.02106338362022453 0
930 990 0 0.01997453503546871 0
950 990 0 0.01893059895242033 0
970 990 0 0.01793271772382555 0
990 990 0 0.01698135125306937 0
