# A fractal terrain data generated by fractopo on Fri Nov 16 20:15:54 2018
# For more information please connect zhangyi.cugwuhan@gmail.com
# use -h option to see help information
# range=10/1/70/90/1/120
# x y elevation
10 90 0
11 90 10.9219
12 90 14.0809
13 90 2.47298
14 90 0.265182
15 90 -9.55169
16 90 -9.59707
17 90 0.718146
18 90 -0.869566
19 90 4.60944
20 90 17.0497
21 90 18.6135
22 90 -2.90729
23 90 -15.578
24 90 -31.4084
25 90 -49.4745
26 90 -92.9384
27 90 -50.0092
28 90 -3.75047
29 90 19.7387
30 90 59.5941
31 90 76.7093
32 90 88.6819
33 90 106.155
34 90 107.81
35 90 167.357
36 90 213.058
37 90 236.084
38 90 270.051
39 90 299.471
40 90 321.884
41 90 320.933
42 90 341.204
43 90 345.551
44 90 346.107
45 90 333.772
46 90 322.193
47 90 322.827
48 90 311.496
49 90 308.529
50 90 318.348
51 90 295.207
52 90 269.662
53 90 257.726
54 90 236.38
55 90 231.746
56 90 233.083
57 90 207.056
58 90 209.217
59 90 186.386
60 90 165.366
61 90 144.714
62 90 136.934
63 90 105.062
64 90 71.2779
65 90 44.8247
66 90 26.5836
67 90 15.9022
68 90 11.6815
69 90 30.0505
70 90 26.321
10 91 3.57832
11 91 3.62634
12 91 11.0085
13 91 2.90209
14 91 2.17523
15 91 -3.94921
16 91 4.54984
17 91 7.24563
18 91 15.3732
19 91 23.5044
20 91 33.081
21 91 26.5853
22 91 5.87263
23 91 -3.04877
24 91 -4.9049
25 91 -27.2912
26 91 -35.8577
27 91 -30.6144
28 91 4.18939
29 91 31.2283
30 91 49.521
31 91 69.2878
32 91 92.3562
33 91 110.652
34 91 121.861
35 91 159.059
36 91 200.493
37 91 243.507
38 91 275.278
39 91 298.764
40 91 303.568
41 91 322.98
42 91 327.136
43 91 335.18
44 91 330.061
45 91 332.227
46 91 317.512
47 91 319.656
48 91 309.925
49 91 319.436
50 91 311.097
51 91 279.228
52 91 273.503
53 91 256.037
54 91 247.833
55 91 236.649
56 91 225.9
57 91 206.087
58 91 197.173
59 91 182.317
60 91 154.482
61 91 140.793
62 91 126.081
63 91 91.3428
64 91 62.7042
65 91 55.0425
66 91 41.2091
67 91 28.3541
68 91 25.2412
69 91 28.8523
70 91 28.9492
10 92 -12.0531
11 92 -2.14886
12 92 -3.48454
13 92 -8.34688
14 92 1.10841
15 92 -7.68947
16 92 -4.73661
17 92 3.19202
18 92 21.6894
19 92 35.7138
20 92 34.147
21 92 30.1794
22 92 36.7273
23 92 4.83163
24 92 6.59668
25 92 -5.57309
26 92 -26.8906
27 92 -11.9434
28 92 6.61828
29 92 20.5653
30 92 41.2109
31 92 63.6456
32 92 96.869
33 92 110.332
34 92 129.444
35 92 173.366
36 92 203.137
37 92 233.063
38 92 271.897
39 92 294.339
40 92 295.393
41 92 316.106
42 92 334.811
43 92 342.957
44 92 343.711
45 92 340.755
46 92 331.826
47 92 342.056
48 92 321.799
49 92 309.992
50 92 292.903
51 92 276.845
52 92 260.554
53 92 259.44
54 92 238.149
55 92 220.676
56 92 210.06
57 92 194.232
58 92 189.678
59 92 156.996
60 92 149.624
61 92 131.836
62 92 111.399
63 92 93.2919
64 92 68.1115
65 92 52.7255
66 92 30.7146
67 92 38.7238
68 92 24.6945
69 92 42.6028
70 92 46.0677
10 93 2.52245
11 93 -7.81264
12 93 -16.9448
13 93 -8.49427
14 93 2.2419
15 93 -2.5288
16 93 13.4897
17 93 10.1163
18 93 26.8872
19 93 37.475
20 93 35.9215
21 93 33.9016
22 93 21.9613
23 93 16.2142
24 93 7.17139
25 93 5.26713
26 93 -5.92139
27 93 1.49105
28 93 34.5622
29 93 36.3453
30 93 59.1605
31 93 79.2229
32 93 103.265
33 93 139.317
34 93 159.696
35 93 190.983
36 93 210.701
37 93 245.589
38 93 278.283
39 93 298.034
40 93 316.446
41 93 330.649
42 93 342.597
43 93 365.003
44 93 369.939
45 93 363.314
46 93 372.4
47 93 358.321
48 93 331.646
49 93 317.641
50 93 292.626
51 93 282.797
52 93 271.617
53 93 246.423
54 93 236.625
55 93 210.766
56 93 198.841
57 93 171.949
58 93 159.444
59 93 142.371
60 93 135.093
61 93 129.829
62 93 110.053
63 93 89.0046
64 93 81.3018
65 93 58.2043
66 93 59.3785
67 93 44.378
68 93 33.377
69 93 42.6251
70 93 29.0652
10 94 14.1275
11 94 -5.73859
12 94 -16.9921
13 94 -12.9002
14 94 2.85879
15 94 9.46381
16 94 20.1704
17 94 30.667
18 94 32.2076
19 94 46.3148
20 94 29.0526
21 94 29.4515
22 94 35.7528
23 94 25.8531
24 94 17.9796
25 94 19.8291
26 94 4.0447
27 94 30.3389
28 94 57.5541
29 94 70.0632
30 94 75.2337
31 94 103.372
32 94 113.768
33 94 161.918
34 94 190.584
35 94 214.299
36 94 229.673
37 94 246.4
38 94 276.33
39 94 298.376
40 94 325.7
41 94 351.97
42 94 369.034
43 94 382.881
44 94 383.008
45 94 394.361
46 94 404.627
47 94 376.006
48 94 360.493
49 94 335.024
50 94 312.256
51 94 291.828
52 94 275.561
53 94 258.609
54 94 227.372
55 94 206.225
56 94 185.76
57 94 150.649
58 94 120.612
59 94 120.983
60 94 122.921
61 94 108.313
62 94 102.612
63 94 90.2067
64 94 76.7798
65 94 64.9494
66 94 69.5139
67 94 50.5591
68 94 50.0049
69 94 47.636
70 94 40.4888
10 95 -15.4972
11 95 -19.2931
12 95 -8.62021
13 95 -10.2508
14 95 1.87713
15 95 24.8291
16 95 38.5273
17 95 49.2357
18 95 44.6284
19 95 52.3262
20 95 44.1761
21 95 48.6858
22 95 43.2779
23 95 30.5165
24 95 17.7985
25 95 24.271
26 95 22.0968
27 95 46.4446
28 95 60.5931
29 95 83.0653
30 95 98.4192
31 95 121.327
32 95 147.332
33 95 186.886
34 95 216.314
35 95 236.284
36 95 253.662
37 95 268.552
38 95 282.025
39 95 319.312
40 95 338.331
41 95 362.831
42 95 376.024
43 95 391.848
44 95 385.681
45 95 392.638
46 95 387.443
47 95 386.967
48 95 369.134
49 95 340.842
50 95 320.763
51 95 291.556
52 95 279.1
53 95 266.98
54 95 240.792
55 95 215.544
56 95 191.622
57 95 155.81
58 95 133.257
59 95 114.697
60 95 106.598
61 95 105.367
62 95 84.8642
63 95 86.9757
64 95 82.5276
65 95 69.05
66 95 63.0071
67 95 55.9951
68 95 60.7992
69 95 46.6065
70 95 37.1588
10 96 -34.5972
11 96 -26.1279
12 96 -22.6322
13 96 -8.58174
14 96 8.39435
15 96 19.4841
16 96 52.134
17 96 59.5663
18 96 60.8257
19 96 54.695
20 96 51.308
21 96 51.1261
22 96 47.5312
23 96 36.839
24 96 23.934
25 96 32.856
26 96 37.0591
27 96 56.6534
28 96 74.6986
29 96 116.453
30 96 148.32
31 96 153.335
32 96 168.933
33 96 218.336
34 96 251.264
35 96 252.397
36 96 268.608
37 96 276.684
38 96 298.427
39 96 326.101
40 96 363.456
41 96 381.901
42 96 399.207
43 96 388.237
44 96 385.127
45 96 382.294
46 96 381.747
47 96 379.914
48 96 379.167
49 96 352.257
50 96 326.778
51 96 305.722
52 96 286.894
53 96 272.007
54 96 243.125
55 96 213.416
56 96 188.052
57 96 154.675
58 96 115.619
59 96 108.319
60 96 93.3599
61 96 94.3896
62 96 76.9787
63 96 86.6278
64 96 101.281
65 96 88.7388
66 96 66.0583
67 96 61.6583
68 96 70.2294
69 96 52.3958
70 96 25.2576
10 97 -54.0376
11 97 -43.2765
12 97 -19.1878
13 97 -7.50936
14 97 10.3904
15 97 27.5429
16 97 52.4746
17 97 60.8532
18 97 69.5697
19 97 62.3431
20 97 53.1232
21 97 50.7557
22 97 54.8701
23 97 42.3947
24 97 52.6948
25 97 47.4463
26 97 61.4304
27 97 83.9023
28 97 97.1266
29 97 125.616
30 97 162.36
31 97 173.735
32 97 189.366
33 97 229.127
34 97 267.766
35 97 284.252
36 97 289.348
37 97 298.697
38 97 319.218
39 97 347.811
40 97 375.649
41 97 406.152
42 97 417.346
43 97 401.899
44 97 387.718
45 97 382.72
46 97 381.854
47 97 369.814
48 97 357.195
49 97 354.043
50 97 337.174
51 97 323.844
52 97 285.098
53 97 275.592
54 97 251.34
55 97 220.08
56 97 191.263
57 97 158.664
58 97 131.038
59 97 112.456
60 97 96.7679
61 97 77.8588
62 97 75.2291
63 97 82.1821
64 97 91.5939
65 97 95.5609
66 97 81.8261
67 97 74.1
68 97 58.5879
69 97 30.304
70 97 13.0706
10 98 -86.7433
11 98 -40.4263
12 98 -17.8687
13 98 5.13075
14 98 24.7121
15 98 34.3272
16 98 36.1355
17 98 61.276
18 98 81.9448
19 98 63.4878
20 98 76.9019
21 98 63.7883
22 98 44.0438
23 98 56.3445
24 98 73.1351
25 98 78.8276
26 98 88.7676
27 98 98.4093
28 98 125.224
29 98 148.177
30 98 190.83
31 98 190.378
32 98 207.633
33 98 255.072
34 98 295.186
35 98 298.645
36 98 292.162
37 98 295.925
38 98 317.669
39 98 355.232
40 98 391.81
41 98 413.5
42 98 447.95
43 98 418.874
44 98 397.577
45 98 384.343
46 98 362.526
47 98 353.666
48 98 355.517
49 98 351.668
50 98 367.905
51 98 330.229
52 98 289.861
53 98 281.924
54 98 249.875
55 98 212.742
56 98 187.393
57 98 156.437
58 98 139.394
59 98 114.555
60 98 95.0667
61 98 77.2638
62 98 68.5884
63 98 90.2161
64 98 101.064
65 98 95.1624
66 98 102.987
67 98 59.9191
68 98 38.1213
69 98 17.0443
70 98 11.3054
10 99 -66.6644
11 99 -36.8781
12 99 -15.2277
13 99 -4.72638
14 99 16.4149
15 99 31.9334
16 99 38.5546
17 99 63.0395
18 99 73.6919
19 99 66.2989
20 99 67.5038
21 99 59.5452
22 99 68.9369
23 99 71.2941
24 99 74.9399
25 99 82.74
26 99 111.06
27 99 123.99
28 99 136.233
29 99 164.966
30 99 190.124
31 99 208.651
32 99 228.767
33 99 254.195
34 99 277.301
35 99 287.259
36 99 289.499
37 99 311.305
38 99 335.067
39 99 348.664
40 99 378.382
41 99 395.979
42 99 399.111
43 99 391.779
44 99 381.709
45 99 359.022
46 99 356.633
47 99 343.992
48 99 350.488
49 99 348.569
50 99 345.011
51 99 325.788
52 99 303.749
53 99 281.812
54 99 251.765
55 99 229.611
56 99 200.507
57 99 177.436
58 99 149.955
59 99 128.307
60 99 103.933
61 99 92.2461
62 99 91.7655
63 99 91.7836
64 99 90.4157
65 99 86.9674
66 99 60.1782
67 99 41.7877
68 99 21.7793
69 99 2.54767
70 99 -17.3906
10 100 -49.2501
11 100 -45.8855
12 100 -23.5252
13 100 -13.5111
14 100 13.6529
15 100 23.4079
16 100 42.8524
17 100 52.4762
18 100 74.0335
19 100 58.622
20 100 61.4206
21 100 58.8176
22 100 74.9753
23 100 78.4395
24 100 76.954
25 100 105.394
26 100 112.794
27 100 133.458
28 100 148.482
29 100 178.214
30 100 217.858
31 100 227.392
32 100 239.385
33 100 259.472
34 100 275.154
35 100 297.179
36 100 294.677
37 100 309.269
38 100 334.72
39 100 351.147
40 100 365.695
41 100 367.756
42 100 378.419
43 100 360.463
44 100 355.792
45 100 351.751
46 100 346.456
47 100 345.511
48 100 334.264
49 100 333.808
50 100 312.147
51 100 313.379
52 100 301.719
53 100 272.25
54 100 249.107
55 100 220.934
56 100 206.967
57 100 179.429
58 100 147.203
59 100 124.704
60 100 117.744
61 100 101.009
62 100 103.387
63 100 83.622
64 100 84.8667
65 100 75.1023
66 100 46.2492
67 100 19.1091
68 100 3.69843
69 100 -18.3503
70 100 -43.3185
10 101 -42.431
11 101 -46.1768
12 101 -34.1985
13 101 -13.0359
14 101 6.28795
15 101 14.8667
16 101 27.1155
17 101 35.0124
18 101 43.1684
19 101 61.1455
20 101 63.3204
21 101 70.2586
22 101 66.5445
23 101 79.1175
24 101 98.8785
25 101 112.493
26 101 145.331
27 101 159.241
28 101 175.781
29 101 201.814
30 101 215.424
31 101 230.14
32 101 248.95
33 101 252.426
34 101 268.796
35 101 295.097
36 101 312.077
37 101 332.621
38 101 330.58
39 101 344.612
40 101 359.523
41 101 359.928
42 101 364.903
43 101 346.576
44 101 339.723
45 101 345.869
46 101 339.121
47 101 330.571
48 101 308.494
49 101 305.615
50 101 305.575
51 101 304.802
52 101 290.24
53 101 268.764
54 101 254.92
55 101 226.727
56 101 195.383
57 101 173.952
58 101 147.199
59 101 118.569
60 101 109.975
61 101 103.662
62 101 102.131
63 101 89.8314
64 101 71.3936
65 101 67.2206
66 101 46.3633
67 101 12.2839
68 101 -19.258
69 101 -39.1631
70 101 -64.6238
10 102 -51.2064
11 102 -39.9472
12 102 -34.8644
13 102 -15.8609
14 102 15.9471
15 102 10.0219
16 102 20.6715
17 102 19.5424
18 102 25.6961
19 102 37.4071
20 102 68.6607
21 102 59.4731
22 102 65.3981
23 102 86.3476
24 102 111.625
25 102 127.117
26 102 165.658
27 102 167.289
28 102 186.796
29 102 195.394
30 102 218.509
31 102 225.5
32 102 244.154
33 102 258.979
34 102 266.682
35 102 300.469
36 102 331.571
37 102 334.046
38 102 346.277
39 102 344.653
40 102 340.628
41 102 349.571
42 102 342.797
43 102 344.096
44 102 332.322
45 102 324.208
46 102 324.733
47 102 320.275
48 102 295.993
49 102 296.785
50 102 316.222
51 102 288.461
52 102 271.736
53 102 251.496
54 102 240.001
55 102 214.993
56 102 180.886
57 102 163.934
58 102 144.577
59 102 115.143
60 102 99.5716
61 102 97.0787
62 102 82.336
63 102 78.2179
64 102 65.1909
65 102 64.5732
66 102 48.2828
67 102 9.48244
68 102 -38.1002
69 102 -48.1843
70 102 -90.2117
10 103 -63.2817
11 103 -49.09
12 103 -26.0944
13 103 -23.6408
14 103 -5.75365
15 103 6.90394
16 103 9.49375
17 103 5.96015
18 103 16.5532
19 103 29.3448
20 103 48.6442
21 103 53.7888
22 103 64.4741
23 103 86.0707
24 103 105.356
25 103 128.919
26 103 146.507
27 103 172.939
28 103 193.145
29 103 206.17
30 103 227.015
31 103 229.88
32 103 255.907
33 103 259.223
34 103 281.045
35 103 314.34
36 103 339.177
37 103 338.503
38 103 335.632
39 103 353.058
40 103 349.065
41 103 355.84
42 103 345.087
43 103 335.924
44 103 317.651
45 103 321.224
46 103 321.993
47 103 297.684
48 103 302.633
49 103 288.057
50 103 286.205
51 103 265.58
52 103 247.725
53 103 222.575
54 103 208.319
55 103 176.711
56 103 155.664
57 103 146.293
58 103 141.138
59 103 125.945
60 103 110.652
61 103 89.9799
62 103 72.854
63 103 67.4849
64 103 49.3293
65 103 47.4603
66 103 31.3008
67 103 -6.53677
68 103 -33.5296
69 103 -58.6096
70 103 -100.777
10 104 -61.5442
11 104 -48.2948
12 104 -34.1344
13 104 -28.8901
14 104 -32.6552
15 104 -9.62835
16 104 -2.71491
17 104 4.9499
18 104 -0.0335382
19 104 21.5327
20 104 41.2111
21 104 47.8964
22 104 71.1947
23 104 84.2655
24 104 113.666
25 104 126.751
26 104 142.942
27 104 168.234
28 104 197.2
29 104 211.372
30 104 236.57
31 104 240.978
32 104 254.868
33 104 281.34
34 104 294.067
35 104 308.576
36 104 334.901
37 104 344.676
38 104 337.978
39 104 356.022
40 104 372.699
41 104 365.36
42 104 360.326
43 104 343.51
44 104 313.723
45 104 306.386
46 104 307.818
47 104 284.164
48 104 293.598
49 104 269.261
50 104 258.475
51 104 243.821
52 104 222.647
53 104 206.67
54 104 173.626
55 104 163.95
56 104 148.081
57 104 148.028
58 104 134.238
59 104 103.812
60 104 100.535
61 104 71.6198
62 104 45.3594
63 104 49.2508
64 104 54.2902
65 104 36.2238
66 104 18.5933
67 104 -9.46678
68 104 -38.191
69 104 -74.7093
70 104 -103.772
10 105 -75.3479
11 105 -74.1102
12 105 -66.3078
13 105 -54.4619
14 105 -50.6089
15 105 -27.4599
16 105 -11.2548
17 105 -15.8228
18 105 -10.7574
19 105 6.63126
20 105 27.057
21 105 48.2307
22 105 66.1698
23 105 84.3345
24 105 104.975
25 105 123.376
26 105 140.549
27 105 164.448
28 105 187.801
29 105 216.61
30 105 237.049
31 105 249.653
32 105 269.861
33 105 283.205
34 105 316.405
35 105 319.446
36 105 337.252
37 105 338.188
38 105 338.8
39 105 350.095
40 105 367.004
41 105 381.293
42 105 367.031
43 105 332.349
44 105 306.654
45 105 302.408
46 105 284.58
47 105 270.872
48 105 264.551
49 105 261.379
50 105 245.293
51 105 220.291
52 105 193.68
53 105 174.968
54 105 160.397
55 105 143.967
56 105 130.773
57 105 127.209
58 105 110.083
59 105 88.5762
60 105 67.1737
61 105 56.0689
62 105 30.4063
63 105 25.7936
64 105 19.3646
65 105 22.9088
66 105 11.483
67 105 -26.5689
68 105 -63.7931
69 105 -105.077
70 105 -128.853
10 106 -79.0763
11 106 -84.0246
12 106 -85.1749
13 106 -79.4865
14 106 -79.6158
15 106 -50.3195
16 106 -30.4363
17 106 -23.9136
18 106 -19.5156
19 106 11.2089
20 106 30.348
21 106 41.7436
22 106 49.1877
23 106 76.2681
24 106 106.777
25 106 108.173
26 106 96.2133
27 106 152.453
28 106 186.067
29 106 213.323
30 106 237.028
31 106 242.982
32 106 286.229
33 106 297.689
34 106 333.603
35 106 332.321
36 106 337
37 106 328.769
38 106 337.9
39 106 345.722
40 106 365.287
41 106 365.977
42 106 389.939
43 106 345.11
44 106 301.383
45 106 285.463
46 106 249.97
47 106 261.98
48 106 246.932
49 106 240.271
50 106 211.245
51 106 207.965
52 106 180.954
53 106 170.889
54 106 152.504
55 106 128.771
56 106 127.618
57 106 118.308
58 106 97.2216
59 106 76.8531
60 106 54.5638
61 106 39.1632
62 106 13.5278
63 106 3.84835
64 106 9.10484
65 106 3.93553
66 106 2.04668
67 106 -41.0196
68 106 -100.478
69 106 -128.793
70 106 -172.668
10 107 -97.2842
11 107 -96.5986
12 107 -95.9248
13 107 -90.0205
14 107 -75.889
15 107 -51.8014
16 107 -36.9154
17 107 -26.9647
18 107 2.47792
19 107 21.6281
20 107 28.2871
21 107 42.3588
22 107 65.1226
23 107 80.2913
24 107 100.179
25 107 102.31
26 107 110.876
27 107 141.099
28 107 169.794
29 107 185.18
30 107 202.261
31 107 234.721
32 107 266.003
33 107 289.971
34 107 295.749
35 107 304.336
36 107 297.018
37 107 308.246
38 107 329.69
39 107 337.543
40 107 346.61
41 107 342.782
42 107 345.984
43 107 328.44
44 107 294.383
45 107 273.5
46 107 268.643
47 107 253.59
48 107 246.537
49 107 231.056
50 107 202.675
51 107 186.471
52 107 166.222
53 107 147.439
54 107 128.216
55 107 116.867
56 107 107.978
57 107 92.243
58 107 71.3002
59 107 63.0627
60 107 27.5598
61 107 8.42421
62 107 7.00588
63 107 -3.23445
64 107 -0.20388
65 107 -19.4169
66 107 -40.8385
67 107 -69.8699
68 107 -107.948
69 107 -152.205
70 107 -181.187
10 108 -95.7346
11 108 -99.1772
12 108 -95.6881
13 108 -83.8484
14 108 -77.1664
15 108 -55.3082
16 108 -28.45
17 108 -17.1452
18 108 7.93736
19 108 30.4846
20 108 54.6198
21 108 48.8053
22 108 55.5961
23 108 74.8274
24 108 91.2008
25 108 110.279
26 108 109.501
27 108 140.8
28 108 154.232
29 108 174.233
30 108 183.527
31 108 226.645
32 108 255.56
33 108 274.02
34 108 290.567
35 108 271.352
36 108 271.972
37 108 294.538
38 108 300.196
39 108 306.259
40 108 327.628
41 108 318.246
42 108 323.498
43 108 303.753
44 108 278.157
45 108 261.466
46 108 261.997
47 108 241.205
48 108 230.262
49 108 217.436
50 108 209.006
51 108 180.466
52 108 156.927
53 108 142.202
54 108 120.862
55 108 109.45
56 108 80.5598
57 108 72.3249
58 108 63.0934
59 108 33.6456
60 108 5.31932
61 108 -3.8507
62 108 -25.5376
63 108 -16.6095
64 108 -21.8854
65 108 -45.8314
66 108 -73.5261
67 108 -94.8349
68 108 -133.331
69 108 -159.617
70 108 -183.768
10 109 -108.579
11 109 -100.807
12 109 -99.3538
13 109 -93.5629
14 109 -82.8808
15 109 -62.4335
16 109 -30.7342
17 109 5.41427
18 109 11.0815
19 109 31.5348
20 109 53.832
21 109 62.088
22 109 75.7494
23 109 90.3304
24 109 96.0233
25 109 106.14
26 109 135.066
27 109 135.602
28 109 157.442
29 109 156.907
30 109 168.163
31 109 202.041
32 109 228.24
33 109 251.091
34 109 260.821
35 109 249.651
36 109 248.759
37 109 261.213
38 109 278.612
39 109 289.929
40 109 301.432
41 109 305.655
42 109 284.829
43 109 278.847
44 109 271.375
45 109 255.024
46 109 245.966
47 109 227.751
48 109 223.664
49 109 202.967
50 109 205.169
51 109 183.996
52 109 166.396
53 109 140.56
54 109 112.828
55 109 95.4469
56 109 68.5572
57 109 44.5157
58 109 40.8868
59 109 26.47
60 109 2.6937
61 109 -19.8897
62 109 -28.2181
63 109 -38.396
64 109 -57.2503
65 109 -75.4912
66 109 -108.235
67 109 -120.826
68 109 -154.027
69 109 -162.101
70 109 -168.211
10 110 -118.245
11 110 -113.711
12 110 -121.343
13 110 -94.1029
14 110 -100.99
15 110 -63.1911
16 110 -19.1702
17 110 9.5853
18 110 32.3001
19 110 39.3543
20 110 59.0612
21 110 71.9217
22 110 87.4716
23 110 95.2439
24 110 101.628
25 110 117.331
26 110 154.619
27 110 151.393
28 110 152.821
29 110 157.26
30 110 145.546
31 110 186.775
32 110 196.664
33 110 214.823
34 110 225.743
35 110 242.292
36 110 243.926
37 110 258.242
38 110 254.099
39 110 269.119
40 110 277.681
41 110 277.055
42 110 257.209
43 110 257.873
44 110 246.915
45 110 236.107
46 110 219.096
47 110 223.899
48 110 203.793
49 110 214.213
50 110 201.331
51 110 173.033
52 110 150.726
53 110 126.9
54 110 107.566
55 110 87.1609
56 110 62.9036
57 110 42.4487
58 110 8.24371
59 110 9.1561
60 110 3.42264
61 110 -13.9371
62 110 -50.7254
63 110 -63.1314
64 110 -85.6826
65 110 -96.0306
66 110 -129.154
67 110 -154.451
68 110 -164.774
69 110 -173.817
70 110 -174.471
10 111 -119.2
11 111 -121.964
12 111 -103.713
13 111 -85.5973
14 111 -65.6866
15 111 -48.142
16 111 -10.6027
17 111 6.88232
18 111 17.7526
19 111 23.7393
20 111 50.6575
21 111 59.1014
22 111 71.3289
23 111 76.527
24 111 93.9152
25 111 108.76
26 111 133.688
27 111 132.765
28 111 130.243
29 111 148.121
30 111 156.156
31 111 180.126
32 111 193.718
33 111 216.387
34 111 219.659
35 111 228.976
36 111 235.684
37 111 243.095
38 111 253.865
39 111 257.433
40 111 254.363
41 111 259.414
42 111 253.768
43 111 254.324
44 111 239.553
45 111 235.495
46 111 232.77
47 111 219.335
48 111 207.815
49 111 214.118
50 111 209.486
51 111 191.675
52 111 169.945
53 111 137.095
54 111 104.304
55 111 84.3765
56 111 62.0864
57 111 34.1716
58 111 18.4957
59 111 2.90007
60 111 4.73639
61 111 -24.3934
62 111 -45.8507
63 111 -77.4922
64 111 -100.353
65 111 -127.297
66 111 -140.615
67 111 -166.528
68 111 -181.404
69 111 -193.11
70 111 -180.239
10 112 -135.605
11 112 -121.704
12 112 -84.5589
13 112 -70.8129
14 112 -63.5615
15 112 -41.0478
16 112 -17.3669
17 112 -12.7405
18 112 -1.37411
19 112 18.7938
20 112 39.3538
21 112 51.8687
22 112 64.359
23 112 75.3478
24 112 86.0912
25 112 97.6702
26 112 102.747
27 112 111.105
28 112 121.023
29 112 127.928
30 112 145.343
31 112 182.601
32 112 196.94
33 112 212.219
34 112 209.793
35 112 219.809
36 112 225.192
37 112 236.051
38 112 247.57
39 112 245.915
40 112 239.931
41 112 240.937
42 112 248.13
43 112 238.834
44 112 240.607
45 112 238.3
46 112 246.392
47 112 232.148
48 112 212.372
49 112 224.017
50 112 218.032
51 112 185.657
52 112 169.872
53 112 141.447
54 112 118.663
55 112 87.8865
56 112 70.205
57 112 36.2064
58 112 18.8882
59 112 21.1395
60 112 7.44678
61 112 -21.2309
62 112 -35.7615
63 112 -84.4354
64 112 -122.621
65 112 -135.566
66 112 -145.93
67 112 -166.96
68 112 -193.993
69 112 -195.44
70 112 -205.392
10 113 -131.759
11 113 -120.625
12 113 -101.967
13 113 -74.8782
14 113 -55.9159
15 113 -19.0567
16 113 -2.94005
17 113 -2.77152
18 113 2.68033
19 113 23.4835
20 113 50.6004
21 113 66.3793
22 113 77.0667
23 113 90.8024
24 113 86.6797
25 113 97.3368
26 113 96.6977
27 113 104.667
28 113 107.03
29 113 124.817
30 113 157.737
31 113 177.012
32 113 184.645
33 113 212.443
34 113 215.554
35 113 223.902
36 113 223.333
37 113 224.352
38 113 231.61
39 113 219.267
40 113 219.387
41 113 216.654
42 113 208.226
43 113 225.738
44 113 222.755
45 113 234.156
46 113 243.255
47 113 219.725
48 113 212.482
49 113 219.682
50 113 204.903
51 113 187.761
52 113 159.207
53 113 117.899
54 113 94.2632
55 113 80.3406
56 113 75.4977
57 113 59.0391
58 113 51.2026
59 113 31.8103
60 113 13.9406
61 113 -6.20932
62 113 -41.2674
63 113 -81.0145
64 113 -119.486
65 113 -142.291
66 113 -176.457
67 113 -189.585
68 113 -195.311
69 113 -198.666
70 113 -194.468
10 114 -145.968
11 114 -110.454
12 114 -97.7467
13 114 -59.5198
14 114 -38.2256
15 114 -15.5995
16 114 8.71951
17 114 13.5926
18 114 20.3214
19 114 44.8569
20 114 69.7569
21 114 70.9752
22 114 87.276
23 114 101.899
24 114 106.674
25 114 96.9119
26 114 92.9064
27 114 100.408
28 114 102.292
29 114 128.4
30 114 152.692
31 114 162.854
32 114 183.726
33 114 192.997
34 114 226.246
35 114 211.8
36 114 202.321
37 114 205.547
38 114 209.888
39 114 216.109
40 114 203.173
41 114 194.661
42 114 177.902
43 114 201.539
44 114 223.927
45 114 225.579
46 114 239.154
47 114 214.454
48 114 208.114
49 114 207.104
50 114 223.363
51 114 186.912
52 114 135.265
53 114 111.009
54 114 82.2719
55 114 78.6877
56 114 61.2931
57 114 61.6135
58 114 69.2037
59 114 40.0749
60 114 0.97697
61 114 -21.766
62 114 -24.795
63 114 -74.4658
64 114 -120.989
65 114 -154.877
66 114 -206.496
67 114 -196.056
68 114 -184.481
69 114 -187.52
70 114 -194.77
10 115 -111.677
11 115 -107.046
12 115 -78.0009
13 115 -60.3455
14 115 -34.8781
15 115 -12.9724
16 115 6.50393
17 115 13.4149
18 115 36.9043
19 115 50.5464
20 115 66.0133
21 115 77.1534
22 115 87.1883
23 115 109.122
24 115 115.995
25 115 106.341
26 115 108.223
27 115 102.747
28 115 115.635
29 115 119.428
30 115 150.588
31 115 161.668
32 115 176.188
33 115 186.899
34 115 206.914
35 115 210.111
36 115 200.911
37 115 193.251
38 115 203.529
39 115 199.923
40 115 192.995
41 115 177.821
42 115 181.749
43 115 190.454
44 115 201.38
45 115 210.255
46 115 215.995
47 115 216.987
48 115 211.309
49 115 208.902
50 115 198.243
51 115 176.327
52 115 150.467
53 115 121.01
54 115 86.6138
55 115 71.2761
56 115 63.1811
57 115 51.0712
58 115 44.5458
59 115 35.9351
60 115 -7.90303
61 115 -27.9767
62 115 -44.1879
63 115 -84.9599
64 115 -127.079
65 115 -148.923
66 115 -173.398
67 115 -179.768
68 115 -182.9
69 115 -173.589
70 115 -177.571
10 116 -102.516
11 116 -86.6208
12 116 -80.3396
13 116 -69.0031
14 116 -41.8497
15 116 -28.7251
16 116 3.26782
17 116 10.3415
18 116 27.1906
19 116 56.1851
20 116 60.3563
21 116 76.5191
22 116 102.169
23 116 114.423
24 116 116.762
25 116 118.702
26 116 110.629
27 116 99.6849
28 116 107.865
29 116 124.518
30 116 151.49
31 116 146.047
32 116 158.018
33 116 167.532
34 116 200.18
35 116 192.819
36 116 202.956
37 116 182.453
38 116 182.524
39 116 186.83
40 116 181.46
41 116 164.044
42 116 159.637
43 116 175.73
44 116 171.238
45 116 188.014
46 116 203.655
47 116 203.686
48 116 214.843
49 116 197.295
50 116 202.229
51 116 169.929
52 116 145.606
53 116 111.958
54 116 92.6846
55 116 66.7561
56 116 49.1597
57 116 52.6216
58 116 47.3936
59 116 14.8127
60 116 -6.46195
61 116 -38.9411
62 116 -60.1084
63 116 -85.0301
64 116 -127.496
65 116 -144.516
66 116 -162.408
67 116 -154.982
68 116 -163.069
69 116 -156.303
70 116 -168.667
10 117 -93.9739
11 117 -91.4466
12 117 -86.9141
13 117 -65.2846
14 117 -55.1594
15 117 -27.3678
16 117 6.54031
17 117 29.2423
18 117 37.7812
19 117 57.4956
20 117 67.4579
21 117 83.1923
22 117 104.242
23 117 107.251
24 117 115.052
25 117 112.132
26 117 100.773
27 117 107.512
28 117 108.898
29 117 121.84
30 117 124.208
31 117 141.417
32 117 142.807
33 117 147.965
34 117 158.232
35 117 170.737
36 117 187.001
37 117 185.967
38 117 183.51
39 117 179.611
40 117 174.355
41 117 164.435
42 117 160.272
43 117 167.95
44 117 177.394
45 117 187.64
46 117 184.899
47 117 191.235
48 117 193.67
49 117 195.369
50 117 194.953
51 117 165.78
52 117 146.5
53 117 108.672
54 117 72.8342
55 117 59.805
56 117 29.8441
57 117 30.0966
58 117 19.5754
59 117 7.91697
60 117 -25.168
61 117 -43.3303
62 117 -77.8226
63 117 -103.421
64 117 -122.304
65 117 -139.332
66 117 -144.553
67 117 -149.67
68 117 -151.805
69 117 -133.886
70 117 -137.566
10 118 -99.3871
11 118 -98.654
12 118 -89.1703
13 118 -65.4859
14 118 -49.8349
15 118 -12.1548
16 118 9.63747
17 118 31.7023
18 118 62.4408
19 118 50.7543
20 118 60.2883
21 118 87.8333
22 118 103.092
23 118 93.5103
24 118 108.063
25 118 106.35
26 118 109.552
27 118 101.316
28 118 89.8948
29 118 100.889
30 118 117.265
31 118 124.42
32 118 119.14
33 118 126.263
34 118 128.42
35 118 150.427
36 118 178.059
37 118 182.638
38 118 172.778
39 118 172.91
40 118 165.287
41 118 168.377
42 118 162.641
43 118 168.984
44 118 168.75
45 118 172.851
46 118 181.642
47 118 177.341
48 118 192.39
49 118 190.598
50 118 204.939
51 118 160.599
52 118 140.025
53 118 97.8619
54 118 67.4735
55 118 39.4549
56 118 15.0921
57 118 13.4791
58 118 18.3078
59 118 -14.2097
60 118 -36.975
61 118 -62.2285
62 118 -90.1596
63 118 -103.567
64 118 -129.046
65 118 -127.058
66 118 -122.212
67 118 -122.759
68 118 -132.957
69 118 -112.6
70 118 -105.24
10 119 -117.918
11 119 -115.284
12 119 -102.077
13 119 -80.9975
14 119 -54.3807
15 119 -18.1577
16 119 7.79902
17 119 34.5024
18 119 53.4754
19 119 54.1355
20 119 64.781
21 119 71.2914
22 119 76.2094
23 119 86.9287
24 119 86.6287
25 119 90.9585
26 119 96.3944
27 119 93.6867
28 119 93.7259
29 119 90.3248
30 119 95.1731
31 119 112.704
32 119 120.165
33 119 116.719
34 119 124.278
35 119 143.966
36 119 148.519
37 119 159.567
38 119 166.343
39 119 159.897
40 119 145.531
41 119 162.408
42 119 159.299
43 119 163.732
44 119 152.754
45 119 150.207
46 119 165.61
47 119 172.686
48 119 178.298
49 119 170.82
50 119 164.768
51 119 147.335
52 119 119.404
53 119 93.7672
54 119 56.2812
55 119 35.9777
56 119 2.21465
57 119 -11.9841
58 119 -18.1964
59 119 -37.984
60 119 -65.2583
61 119 -71.8944
62 119 -89.0496
63 119 -103.56
64 119 -112.923
65 119 -108.196
66 119 -108.608
67 119 -104.456
68 119 -101.807
69 119 -106.401
70 119 -92.2062
10 120 -153.437
11 120 -138.77
12 120 -113.544
13 120 -85.7108
14 120 -62.8921
15 120 -27.416
16 120 8.20826
17 120 22.2601
18 120 44.4332
19 120 35.924
20 120 36.71
21 120 47.1934
22 120 66.8915
23 120 63.0372
24 120 81.9152
25 120 94.0383
26 120 95.7429
27 120 97.2801
28 120 96.5834
29 120 92.767
30 120 93.6605
31 120 96.7583
32 120 110.083
33 120 129.837
34 120 143.929
35 120 155.454
36 120 149.783
37 120 155.3
38 120 147.412
39 120 145.605
40 120 131.413
41 120 148.18
42 120 160.631
43 120 147.499
44 120 134.421
45 120 133.587
46 120 150.765
47 120 151.788
48 120 140.401
49 120 156.082
50 120 165.021
51 120 134.315
52 120 92.7359
53 120 70.6707
54 120 42.8595
55 120 23.7863
56 120 -6.27439
57 120 -27.9828
58 120 -44.3554
59 120 -56.2414
60 120 -80.3286
61 120 -95.2382
62 120 -95.6028
63 120 -88.4849
64 120 -92.5233
65 120 -98.5942
66 120 -101.702
67 120 -93.8913
68 120 -84.0398
69 120 -94.9148
70 120 -79.3331
